# label=Rest
# timestamp=1763139466.9006903
# format: FLEX: f1 f2 f3 f4 f5 | ACC: ax ay az | GYRO: gx gy gz | GDP=val
FLEX: 2437 2218 2304 2281 2304 | ACC: -188 4948 15600 | GYRO: -1638 -289 2318 | GDP=2853.014
FLEX: 2439 2242 2320 2281 2310 | ACC: 80 4908 16556 | GYRO: -1737 -1967 1387 | GDP=2968.169
FLEX: 2432 2229 2294 2256 2320 | ACC: 148 4660 16812 | GYRO: -1597 -1200 1015 | GDP=2240.677
FLEX: 2419 2225 2315 2293 2342 | ACC: 372 4236 16320 | GYRO: -244 175 798 | GDP=852.622
FLEX: 2414 2238 2304 2270 2303 | ACC: -772 4352 16556 | GYRO: 142 720 567 | GDP=927.390
FLEX: 2448 2203 2298 2254 2311 | ACC: -504 4464 16160 | GYRO: 694 -37 221 | GDP=729.278
FLEX: 2441 2203 2288 2261 2327 | ACC: 204 4664 15532 | GYRO: 1441 1818 217 | GDP=2329.956
FLEX: 2437 2211 2295 2274 2320 | ACC: 96 4848 15368 | GYRO: 1939 5479 312 | GDP=5820.353
FLEX: 2448 2244 2291 2274 2319 | ACC: 604 4684 14676 | GYRO: 1950 11593 -95 | GDP=11756.239
FLEX: 2447 2211 2304 2255 2301 | ACC: -3724 4644 16908 | GYRO: 2194 11132 -547 | GDP=11359.325
FLEX: 2435 2205 2304 2240 2289 | ACC: -4108 5176 15292 | GYRO: 1677 3249 -2098 | GDP=4215.440
FLEX: 2442 2256 2323 2288 2316 | ACC: -5272 5612 15084 | GYRO: 313 3104 -1605 | GDP=3508.391
FLEX: 2419 2183 2286 2252 2299 | ACC: -3204 5116 13736 | GYRO: 736 9149 -590 | GDP=9197.500
FLEX: 2438 2224 2331 2281 2326 | ACC: -7752 4824 16528 | GYRO: 2743 10392 474 | GDP=10758.363
FLEX: 2432 2197 2299 2275 2295 | ACC: -6728 5480 14236 | GYRO: 2933 4984 -41 | GDP=5783.115
FLEX: 2433 2213 2322 2278 2326 | ACC: -7484 5548 14428 | GYRO: 1970 3400 254 | GDP=3937.692
FLEX: 2446 2197 2295 2261 2307 | ACC: -6684 5676 13748 | GYRO: 1887 -2489 -458 | GDP=3156.843
FLEX: 2422 2206 2315 2277 2319 | ACC: -5796 6140 12044 | GYRO: 1366 -1428 -952 | GDP=2193.500
FLEX: 2442 2186 2294 2257 2288 | ACC: -7464 5824 14108 | GYRO: -355 -1267 -305 | GDP=1350.681
FLEX: 2449 2230 2295 2285 2295 | ACC: -5868 5784 13852 | GYRO: 128 -635 -46 | GDP=649.404
FLEX: 2433 2202 2281 2233 2302 | ACC: -6568 5708 14240 | GYRO: 1070 1684 137 | GDP=1999.881
FLEX: 2444 2227 2309 2266 2319 | ACC: -6556 5424 14436 | GYRO: 1051 -1079 -48 | GDP=1507.032
FLEX: 2445 2205 2280 2255 2301 | ACC: -6636 5448 14480 | GYRO: 1431 1147 199 | GDP=1844.714
FLEX: 2426 2237 2340 2217 2336 | ACC: -6356 5800 13924 | GYRO: 1893 652 -42 | GDP=2002.578
FLEX: 2442 2192 2284 2243 2299 | ACC: -7116 6232 13644 | GYRO: 1790 1420 -300 | GDP=2304.452
FLEX: 2447 2229 2355 2270 2333 | ACC: -7240 6160 13476 | GYRO: 455 -1077 -27 | GDP=1169.480
FLEX: 2443 2192 2318 2245 2309 | ACC: -6536 6020 13396 | GYRO: 200 -426 195 | GDP=509.412
FLEX: 2436 2222 2304 2288 2339 | ACC: -6568 6004 13600 | GYRO: 380 -148 71 | GDP=413.938
FLEX: 2430 2194 2300 2242 2304 | ACC: -6732 5912 14116 | GYRO: 64 -244 -76 | GDP=263.454
FLEX: 2414 2224 2293 2278 2310 | ACC: -6464 5436 14500 | GYRO: 266 -743 57 | GDP=791.236
FLEX: 2448 2204 2294 2265 2288 | ACC: -5788 5556 14252 | GYRO: 1584 1997 -531 | GDP=2603.656
FLEX: 2447 2275 2317 2279 2334 | ACC: -6384 5732 14696 | GYRO: 2148 1117 -938 | GDP=2596.428
FLEX: 2433 2199 2283 2267 2297 | ACC: -6284 5684 14668 | GYRO: 2807 451 -1283 | GDP=3119.093
FLEX: 2457 2226 2346 2288 2321 | ACC: -5864 5940 13372 | GYRO: 3891 4805 -1831 | GDP=6448.292
FLEX: 2429 2222 2309 2250 2304 | ACC: -6328 6084 13048 | GYRO: 4622 5131 -2124 | GDP=7225.055
FLEX: 2439 2226 2320 2266 2323 | ACC: -8012 6412 11792 | GYRO: 5436 16657 -2344 | GDP=17677.672
FLEX: 2429 2195 2316 2245 2315 | ACC: -11804 6692 12520 | GYRO: 5585 7803 -2250 | GDP=9856.041
FLEX: 2435 2235 2298 2274 2330 | ACC: -10968 7264 9812 | GYRO: 4216 2653 -2570 | GDP=5605.173
FLEX: 2439 2202 2288 2250 2305 | ACC: -10644 7268 10148 | GYRO: 4090 841 -2220 | GDP=4729.036
FLEX: 2439 2215 2325 2283 2320 | ACC: -10912 6748 10584 | GYRO: 4127 2289 -1892 | GDP=5084.419
FLEX: 2428 2209 2293 2242 2288 | ACC: -12012 7256 10676 | GYRO: 3768 -365 -1532 | GDP=4083.880
FLEX: 2443 2230 2310 2284 2293 | ACC: -10052 7196 8716 | GYRO: 3981 -1069 -1660 | GDP=4443.729
FLEX: 2438 2192 2275 2251 2305 | ACC: -12640 8156 10524 | GYRO: 2855 -292 -515 | GDP=2915.736
FLEX: 2451 2230 2281 2275 2346 | ACC: -9856 7600 8020 | GYRO: 3193 887 -112 | GDP=3315.805
FLEX: 2435 2197 2314 2243 2307 | ACC: -11372 7664 8760 | GYRO: 3016 3811 113 | GDP=4861.352
FLEX: 2464 2224 2327 2281 2320 | ACC: -11036 8044 7332 | GYRO: 3056 5834 130 | GDP=6587.229
FLEX: 2448 2208 2298 2269 2299 | ACC: -10432 8020 5768 | GYRO: 2505 14406 -514 | GDP=14631.201
FLEX: 2447 2229 2306 2282 2336 | ACC: -11748 7964 5356 | GYRO: 1840 16914 30 | GDP=17013.814
FLEX: 2439 2217 2289 2249 2305 | ACC: -14540 7864 6548 | GYRO: 1953 13454 -1409 | GDP=13667.831
FLEX: 2444 2247 2306 2286 2320 | ACC: -14264 7380 4168 | GYRO: 2340 10426 -1952 | GDP=10862.199
FLEX: 2439 2207 2290 2235 2304 | ACC: -15504 8392 3312 | GYRO: 1572 4169 -1359 | GDP=4658.178
FLEX: 2446 2218 2313 2307 2298 | ACC: -13480 7916 1580 | GYRO: 938 -3596 -887 | GDP=3820.710
FLEX: 2433 2222 2277 2236 2305 | ACC: -14112 7568 2396 | GYRO: -220 5257 -1917 | GDP=5599.941
FLEX: 2432 2225 2302 2288 2320 | ACC: -13788 7588 2156 | GYRO: -780 4178 316 | GDP=4261.917
FLEX: 2435 2234 2301 2237 2305 | ACC: -14544 7212 2952 | GYRO: -412 5456 -400 | GDP=5486.135
FLEX: 2433 2237 2317 2286 2325 | ACC: -14620 7508 1640 | GYRO: -742 2583 -546 | GDP=2742.365
FLEX: 2432 2227 2314 2249 2286 | ACC: -15708 7080 2304 | GYRO: -1850 -2829 -1488 | GDP=3693.221
FLEX: 2457 2224 2303 2272 2318 | ACC: -15780 7004 2468 | GYRO: -2503 -11245 -1272 | GDP=11590.213
FLEX: 2429 2224 2279 2242 2287 | ACC: -17916 7308 5736 | GYRO: -3417 -23085 -667 | GDP=23346.049
FLEX: 2439 2222 2304 2271 2316 | ACC: -18220 7348 6692 | GYRO: -3799 -32768 3300 | GDP=33152.137
FLEX: 2427 2212 2290 2258 2304 | ACC: -4336 6540 4080 | GYRO: -3289 -29637 5750 | GDP=30368.270
FLEX: 2443 2227 2310 2293 2341 | ACC: -7640 6768 13344 | GYRO: -5447 -20415 4728 | GDP=21651.697
FLEX: 2435 2189 2288 2246 2305 | ACC: -3444 6304 13436 | GYRO: -5644 -20330 4742 | GDP=21625.221
FLEX: 2446 2223 2279 2253 2317 | ACC: -200 5040 14604 | GYRO: -3098 -5794 3330 | GDP=7365.931
FLEX: 2435 2207 2286 2237 2295 | ACC: -2708 5468 16536 | GYRO: -109 1447 1628 | GDP=2180.843
FLEX: 2439 2210 2320 2272 2320 | ACC: -3496 5924 15628 | GYRO: 103 -1584 740 | GDP=1751.361
FLEX: 2438 2219 2297 2239 2256 | ACC: -3796 5980 14888 | GYRO: 244 -2317 1292 | GDP=2664.074
FLEX: 2432 2222 2316 2271 2349 | ACC: -4108 6228 14348 | GYRO: -27 -2290 1846 | GDP=2941.521
FLEX: 2430 2209 2308 2242 2309 | ACC: -5596 6444 14792 | GYRO: -1132 -2087 3057 | GDP=3870.690
FLEX: 2426 2194 2343 2285 2298 | ACC: -5960 6068 14976 | GYRO: -1607 -5513 6003 | GDP=8307.323
FLEX: 2418 2196 2286 2283 2301 | ACC: -2876 4976 16008 | GYRO: -1542 -4912 9265 | GDP=10599.327
FLEX: 2423 2226 2345 2239 2314 | ACC: -1268 4908 15476 | GYRO: 762 532 9719 | GDP=9763.331
FLEX: 2426 2201 2303 2257 2320 | ACC: -1228 5100 15620 | GYRO: 1107 1684 10569 | GDP=10759.417
FLEX: 2444 2215 2288 2269 2286 | ACC: -408 4920 15492 | GYRO: 1331 120 11523 | GDP=11600.236
FLEX: 2430 2176 2326 2258 2266 | ACC: 2216 4996 14016 | GYRO: 162 2151 10794 | GDP=11007.429
FLEX: 2413 2218 2288 2288 2304 | ACC: 2120 4964 14644 | GYRO: -1295 2318 9006 | GDP=9389.259
FLEX: 2423 2191 2253 2192 2313 | ACC: 2860 4244 15604 | GYRO: -3539 -425 7229 | GDP=8059.999
FLEX: 2471 2214 2297 2292 2320 | ACC: 3652 3472 16992 | GYRO: -3718 -1602 5199 | GDP=6589.350
FLEX: 2437 2203 2311 2210 2267 | ACC: 4020 3280 17300 | GYRO: -2990 -521 2171 | GDP=3731.593
FLEX: 2460 2219 2291 2265 2330 | ACC: 2392 2948 17784 | GYRO: -1655 -354 217 | GDP=1706.291
FLEX: 2431 2229 2319 2225 2293 | ACC: 2344 3784 16140 | GYRO: 815 914 -469 | GDP=1311.328
FLEX: 2415 2263 2353 2271 2303 | ACC: 808 4176 16220 | GYRO: 820 1920 -869 | GDP=2261.407
FLEX: 2393 2197 2319 2169 2298 | ACC: 508 4208 15556 | GYRO: 282 -134 -787 | GDP=846.669
FLEX: 2444 2187 2323 2307 2307 | ACC: 376 3888 15976 | GYRO: -330 215 -178 | GDP=432.214
FLEX: 2454 2169 2320 2226 2299 | ACC: 1252 3916 15864 | GYRO: -298 1319 -77 | GDP=1354.435
FLEX: 2432 2218 2264 2267 2296 | ACC: 1260 3644 15796 | GYRO: -270 1741 -453 | GDP=1819.118
FLEX: 2418 2186 2293 2271 2286 | ACC: 340 3308 16656 | GYRO: -894 734 -711 | GDP=1357.760
FLEX: 2406 2208 2268 2255 2333 | ACC: 600 3236 16360 | GYRO: -790 552 -899 | GDP=1317.955
FLEX: 2418 2261 2332 2237 2302 | ACC: 48 3740 15400 | GYRO: -1030 2167 -1094 | GDP=2636.973
FLEX: 2431 2214 2266 2297 2321 | ACC: -1300 3756 14916 | GYRO: -2372 2902 -306 | GDP=3760.535
FLEX: 2443 2131 2294 2275 2320 | ACC: -684 1736 19600 | GYRO: 31 -5243 222 | GDP=5247.789
FLEX: 2447 2215 2325 2288 2335 | ACC: 1064 2424 16880 | GYRO: 409 718 -301 | GDP=879.435
FLEX: 2416 2223 2306 2243 2342 | ACC: -284 2956 16468 | GYRO: 194 -2568 380 | GDP=2603.202
FLEX: 2442 2224 2294 2257 2322 | ACC: 560 2840 15800 | GYRO: 322 -1237 407 | GDP=1341.455
FLEX: 2434 2215 2294 2239 2346 | ACC: 1560 2544 16404 | GYRO: 582 -579 64 | GDP=823.445
FLEX: 2442 2229 2286 2285 2331 | ACC: 1112 2636 16340 | GYRO: 659 677 -113 | GDP=951.514
FLEX: 2431 2192 2320 2283 2330 | ACC: 256 2628 16576 | GYRO: 404 76 40 | GDP=413.028
FLEX: 2432 2225 2274 2270 2314 | ACC: 636 2524 16352 | GYRO: 390 64 -130 | GDP=416.048
FLEX: 2443 2209 2272 2275 2309 | ACC: 364 2816 16496 | GYRO: 635 403 -296 | GDP=808.239
FLEX: 2427 2195 2305 2262 2330 | ACC: 476 2524 16468 | GYRO: 531 -16 19 | GDP=531.581
FLEX: 2410 2208 2302 2256 2305 | ACC: 680 2600 16436 | GYRO: 563 -544 87 | GDP=787.702
FLEX: 2425 2204 2306 2267 2297 | ACC: 916 2752 16276 | GYRO: 699 314 -252 | GDP=806.660
FLEX: 2458 2205 2323 2256 2317 | ACC: 420 2600 16528 | GYRO: 673 37 -131 | GDP=686.629
FLEX: 2422 2204 2314 2267 2291 | ACC: 728 2500 16388 | GYRO: 481 13 21 | GDP=481.634
FLEX: 2419 2234 2279 2235 2288 | ACC: 944 2620 16248 | GYRO: 656 525 -259 | GDP=879.228
FLEX: 2445 2209 2293 2283 2314 | ACC: 52 2660 16876 | GYRO: 770 674 -273 | GDP=1059.106
FLEX: 2433 2206 2322 2266 2327 | ACC: -52 2568 16812 | GYRO: 535 360 42 | GDP=646.211
FLEX: 2416 2214 2305 2259 2306 | ACC: 816 2708 16060 | GYRO: 470 -303 58 | GDP=562.204
FLEX: 2417 2226 2313 2275 2313 | ACC: 656 2712 16300 | GYRO: 813 -88 -128 | GDP=827.706
FLEX: 2430 2214 2314 2275 2299 | ACC: 16 2540 16756 | GYRO: 664 195 -14 | GDP=692.183
FLEX: 2447 2206 2320 2262 2318 | ACC: 372 2600 16484 | GYRO: 621 -125 50 | GDP=635.426
FLEX: 2438 2229 2305 2284 2310 | ACC: 780 2696 15932 | GYRO: 677 351 -183 | GDP=784.231
FLEX: 2423 2213 2294 2274 2330 | ACC: 108 2684 16432 | GYRO: 660 -208 41 | GDP=693.214
FLEX: 2427 2223 2303 2259 2311 | ACC: 144 2532 16516 | GYRO: 533 -535 163 | GDP=772.582
FLEX: 2444 2239 2302 2245 2311 | ACC: 716 2768 16388 | GYRO: 624 -22 -28 | GDP=625.015
FLEX: 2432 2226 2294 2270 2320 | ACC: 476 2552 16356 | GYRO: 676 266 -66 | GDP=729.444
FLEX: 2420 2227 2320 2263 2324 | ACC: 88 2524 16432 | GYRO: 456 -215 156 | GDP=527.728
FLEX: 2432 2199 2290 2240 2291 | ACC: 676 2656 16324 | GYRO: 666 -430 160 | GDP=808.737
FLEX: 2443 2227 2335 2251 2303 | ACC: 800 2656 16272 | GYRO: 729 349 -201 | GDP=832.852
FLEX: 2416 2197 2304 2255 2311 | ACC: 92 2580 16444 | GYRO: 628 -3 7 | GDP=628.046
FLEX: 2449 2208 2319 2285 2310 | ACC: 232 2616 16484 | GYRO: 519 -480 87 | GDP=712.271
FLEX: 2428 2256 2288 2258 2320 | ACC: 856 2684 16392 | GYRO: 598 63 -77 | GDP=606.219
FLEX: 2401 2209 2310 2269 2288 | ACC: 636 2560 16420 | GYRO: 709 337 -69 | GDP=788.043
FLEX: 2402 2205 2291 2229 2315 | ACC: 252 2624 16500 | GYRO: 541 20 109 | GDP=552.234
FLEX: 2446 2208 2320 2251 2304 | ACC: 416 2604 16452 | GYRO: 657 129 -73 | GDP=673.512
FLEX: 2447 2210 2292 2275 2326 | ACC: 344 2708 16496 | GYRO: 699 369 -136 | GDP=802.034
FLEX: 2444 2218 2299 2250 2313 | ACC: 140 2572 16500 | GYRO: 591 -134 145 | GDP=623.107
FLEX: 2438 2192 2288 2257 2322 | ACC: 568 2648 16380 | GYRO: 544 -446 96 | GDP=709.977
FLEX: 2427 2196 2309 2279 2315 | ACC: 772 2676 16256 | GYRO: 717 196 -102 | GDP=750.273
FLEX: 2415 2189 2291 2270 2323 | ACC: 172 2492 16508 | GYRO: 586 283 -59 | GDP=653.426
FLEX: 2437 2224 2305 2255 2306 | ACC: 220 2688 16480 | GYRO: 555 -230 126 | GDP=613.841
FLEX: 2418 2189 2293 2258 2309 | ACC: 564 2568 16296 | GYRO: 669 13 -24 | GDP=669.557
FLEX: 2423 2233 2314 2240 2321 | ACC: 236 2564 16848 | GYRO: 680 627 -169 | GDP=940.261
FLEX: 2410 2199 2320 2256 2309 | ACC: 36 2536 16568 | GYRO: 471 154 120 | GDP=509.860
FLEX: 2422 2237 2309 2254 2298 | ACC: 588 2632 16196 | GYRO: 558 -651 140 | GDP=868.772
FLEX: 2427 2224 2278 2277 2320 | ACC: 688 2612 16476 | GYRO: 702 -62 -101 | GDP=711.933
FLEX: 2440 2240 2314 2279 2324 | ACC: 228 2576 16636 | GYRO: 632 368 -14 | GDP=731.467
FLEX: 2432 2215 2299 2242 2301 | ACC: 300 2680 16408 | GYRO: 603 -111 110 | GDP=622.921
FLEX: 2433 2212 2302 2263 2320 | ACC: 780 2572 16196 | GYRO: 703 -7 -198 | GDP=730.385
FLEX: 2422 2211 2300 2256 2305 | ACC: 88 2652 16580 | GYRO: 780 -212 -130 | GDP=818.684
FLEX: 2437 2196 2313 2242 2333 | ACC: -268 2576 16904 | GYRO: 547 -94 150 | GDP=574.930
FLEX: 2437 2224 2281 2250 2311 | ACC: 1368 2624 15916 | GYRO: 621 274 -72 | GDP=682.569
FLEX: 2439 2200 2310 2261 2321 | ACC: 736 2544 16012 | GYRO: 825 1109 -296 | GDP=1413.549
FLEX: 2417 2199 2289 2236 2339 | ACC: -712 2556 16996 | GYRO: 732 380 -32 | GDP=825.378
FLEX: 2448 2239 2296 2275 2333 | ACC: -12 2656 16620 | GYRO: 562 -441 177 | GDP=735.971
FLEX: 2431 2197 2303 2237 2305 | ACC: 768 2664 16152 | GYRO: 740 -144 -68 | GDP=756.941
FLEX: 2431 2207 2320 2256 2302 | ACC: 152 2700 16456 | GYRO: 719 98 -14 | GDP=725.783
FLEX: 2427 2176 2292 2271 2304 | ACC: -148 2600 16736 | GYRO: 472 -128 126 | GDP=505.019
FLEX: 2431 2207 2320 2273 2322 | ACC: 688 2680 16016 | GYRO: 519 -237 14 | GDP=570.724
FLEX: 2435 2207 2278 2257 2318 | ACC: 632 2652 16364 | GYRO: 537 205 -158 | GDP=596.119
FLEX: 2439 2219 2318 2274 2319 | ACC: 20 2584 16776 | GYRO: 571 127 60 | GDP=588.022
FLEX: 2422 2210 2288 2224 2314 | ACC: 280 2600 16660 | GYRO: 708 -193 74 | GDP=737.556
FLEX: 2439 2211 2322 2284 2295 | ACC: 484 2824 16428 | GYRO: 723 425 -244 | GDP=873.436
FLEX: 2428 2207 2265 2233 2305 | ACC: 84 2692 16344 | GYRO: 576 -362 36 | GDP=681.261
FLEX: 2442 2255 2306 2261 2332 | ACC: 308 2500 16452 | GYRO: 505 -500 182 | GDP=733.586
FLEX: 2418 2223 2288 2241 2313 | ACC: 588 2748 16576 | GYRO: 616 95 -122 | GDP=635.110
FLEX: 2437 2195 2296 2259 2329 | ACC: 604 2668 16012 | GYRO: 586 72 -97 | GDP=598.322
FLEX: 2423 2190 2313 2252 2304 | ACC: 100 2668 16640 | GYRO: 529 -177 144 | GDP=576.113
FLEX: 2444 2254 2306 2270 2320 | ACC: 668 2584 16160 | GYRO: 788 -61 -16 | GDP=790.519
FLEX: 2421 2203 2283 2239 2304 | ACC: 552 2136 17900 | GYRO: 642 -210 -126 | GDP=687.124
FLEX: 2497 2250 2298 2277 2322 | ACC: 1764 1864 18084 | GYRO: 2410 -2455 -1174 | GDP=3635.024
FLEX: 2429 2192 2272 2225 2326 | ACC: 1172 2352 16916 | GYRO: 3647 -739 -2116 | GDP=4280.676
FLEX: 2444 2195 2282 2288 2318 | ACC: 1432 2664 17244 | GYRO: 4015 -1786 -2673 | GDP=5143.438
FLEX: 2423 2215 2301 2228 2314 | ACC: 1412 3816 15704 | GYRO: 4199 -835 -3583 | GDP=5582.716
FLEX: 2426 2225 2313 2285 2339 | ACC: 864 3772 15572 | GYRO: 3758 -1131 -3622 | GDP=5340.469
FLEX: 2435 2192 2271 2211 2294 | ACC: 1304 4512 15284 | GYRO: 3111 -1423 -3914 | GDP=5198.331
FLEX: 2434 2217 2307 2273 2315 | ACC: 628 4872 15428 | GYRO: 2534 -1564 -4003 | GDP=4989.114
FLEX: 2435 2215 2285 2243 2336 | ACC: 364 4524 15340 | GYRO: 1601 -2050 -3703 | GDP=4525.252
FLEX: 2437 2225 2303 2273 2322 | ACC: 648 5144 15272 | GYRO: 722 -909 -2664 | GDP=2905.936
FLEX: 2421 2203 2307 2239 2317 | ACC: 64 5248 16492 | GYRO: 1131 -64 -2262 | GDP=2529.802
FLEX: 2436 2192 2303 2286 2310 | ACC: 652 5124 16720 | GYRO: 1530 721 -2257 | GDP=2820.424
FLEX: 2428 2201 2286 2247 2310 | ACC: 1140 4676 16264 | GYRO: 2519 -1033 -2916 | GDP=3989.424
FLEX: 2429 2207 2319 2258 2316 | ACC: 1756 5028 15820 | GYRO: 2216 -859 -3527 | GDP=4253.030
FLEX: 2444 2241 2284 2256 2303 | ACC: 1468 5156 15792 | GYRO: 2050 -2898 -4786 | GDP=5958.750
FLEX: 2429 2221 2305 2285 2321 | ACC: 1868 5108 14972 | GYRO: 1258 -3032 -5891 | GDP=6743.847
FLEX: 2415 2201 2287 2237 2307 | ACC: 1036 5524 15348 | GYRO: 253 -5569 -8242 | GDP=9950.293
FLEX: 2439 2204 2304 2281 2315 | ACC: 1496 5196 15188 | GYRO: -508 -4380 -8307 | GDP=9404.718
FLEX: 2418 2205 2301 2235 2307 | ACC: 52 5828 15652 | GYRO: 1615 -4508 -8855 | GDP=10066.842
FLEX: 2431 2233 2311 2295 2321 | ACC: 804 5676 15204 | GYRO: 421 -1493 -6087 | GDP=6281.549
FLEX: 2432 2195 2288 2237 2309 | ACC: 772 6008 15760 | GYRO: 153 -1233 -4261 | GDP=4438.448
FLEX: 2432 2221 2249 2240 2362 | ACC: 1424 5572 16184 | GYRO: 374 1468 -3739 | GDP=4034.231
FLEX: 2431 2210 2294 2254 2323 | ACC: 640 5680 15816 | GYRO: 1723 1778 -3133 | GDP=3993.207
FLEX: 2431 2216 2328 2295 2321 | ACC: 252 5848 15152 | GYRO: 1733 2063 -3440 | GDP=4369.538
FLEX: 2413 2226 2283 2236 2261 | ACC: -908 6816 13672 | GYRO: 1226 7641 -2283 | GDP=8068.460
FLEX: 2432 2204 2299 2280 2342 | ACC: -2236 6576 14256 | GYRO: -569 10725 -35 | GDP=10740.140
FLEX: 2437 2218 2288 2221 2352 | ACC: -4212 6180 15940 | GYRO: -1492 7973 1293 | GDP=8213.808
FLEX: 2433 2207 2421 2256 2288 | ACC: -3512 6228 15164 | GYRO: -3854 1392 2240 | GDP=4669.966
FLEX: 2400 2200 2300 2234 2310 | ACC: -3232 5144 16492 | GYRO: -4100 -645 2918 | GDP=5073.534
FLEX: 2474 2208 2343 2267 2372 | ACC: -1028 4484 15256 | GYRO: -2603 998 2792 | GDP=3945.488
FLEX: 2401 2227 2339 2299 2288 | ACC: -2016 4440 16112 | GYRO: -587 2753 1543 | GDP=3210.051
FLEX: 2443 2240 2301 2352 2369 | ACC: -2504 4240 15672 | GYRO: -1296 1237 865 | GDP=1989.475
FLEX: 2421 2251 2319 2303 2323 | ACC: -2144 3924 16400 | GYRO: -1060 -162 794 | GDP=1334.271
FLEX: 2434 2277 2275 2345 2314 | ACC: -2124 4120 15668 | GYRO: 614 603 280 | GDP=904.989
FLEX: 2445 2333 2337 2293 2288 | ACC: -3004 4364 16104 | GYRO: 1134 -267 -15 | GDP=1165.105
FLEX: 2439 2303 2403 2329 2343 | ACC: -2644 4260 15696 | GYRO: 428 -1066 317 | GDP=1191.650
FLEX: 2457 2294 2335 2289 2303 | ACC: -2308 4420 15984 | GYRO: 841 -50 560 | GDP=1011.623
FLEX: 2422 2256 2335 2352 2305 | ACC: -2368 4604 15372 | GYRO: 692 725 531 | GDP=1134.218
FLEX: 2423 2335 2286 2295 2328 | ACC: -2228 3912 16444 | GYRO: 816 -848 325 | GDP=1220.895
FLEX: 2425 2333 2337 2320 2320 | ACC: -1528 4044 15640 | GYRO: 1476 345 50 | GDP=1516.608
FLEX: 2438 2299 2354 2257 2320 | ACC: -1944 4196 16080 | GYRO: 2734 1154 -380 | GDP=2991.801
FLEX: 2438 2349 2304 2307 2299 | ACC: -2612 4928 16048 | GYRO: 5047 -96 -729 | GDP=5100.281
FLEX: 2446 2363 2314 2314 2305 | ACC: -2668 4660 16112 | GYRO: 5478 1075 -293 | GDP=5590.166
FLEX: 2448 2352 2288 2315 2311 | ACC: -2800 6024 15928 | GYRO: 8145 1225 -449 | GDP=8248.833
FLEX: 2428 2377 2326 2317 2304 | ACC: -2660 6904 14048 | GYRO: 6558 3847 -301 | GDP=7609.032
FLEX: 2433 2382 2320 2327 2333 | ACC: -3704 7548 15116 | GYRO: 6432 1159 729 | GDP=6576.119
FLEX: 2445 2357 2343 2304 2309 | ACC: -2884 7544 13260 | GYRO: 4463 1755 -382 | GDP=4810.854
FLEX: 2440 2352 2326 2341 2294 | ACC: -4012 8160 13868 | GYRO: 2901 1037 -409 | GDP=3107.805
FLEX: 2448 2417 2346 2368 2334 | ACC: -3400 8616 13048 | GYRO: 2117 602 -455 | GDP=2247.469
FLEX: 2423 2401 2384 2367 2325 | ACC: -4252 7864 14108 | GYRO: -80 -182 42 | GDP=203.194
FLEX: 2448 2371 2387 2405 2330 | ACC: -3504 8500 13884 | GYRO: 253 -198 -224 | GDP=391.649
FLEX: 2439 2407 2372 2436 2370 | ACC: -3640 8220 14292 | GYRO: 368 743 274 | GDP=873.241
FLEX: 2458 2423 2385 2425 2349 | ACC: -3668 7816 14660 | GYRO: 369 -271 173 | GDP=489.419
FLEX: 2431 2422 2417 2440 2330 | ACC: -3068 7824 14048 | GYRO: 684 -222 -184 | GDP=742.291
FLEX: 2431 2432 2416 2459 2352 | ACC: -3936 7972 13844 | GYRO: 170 94 -84 | GDP=211.641
FLEX: 2446 2432 2428 2426 2361 | ACC: -4064 7996 13992 | GYRO: -585 -385 159 | GDP=718.144
FLEX: 2446 2455 2469 2447 2353 | ACC: -3624 7740 14112 | GYRO: -575 -506 304 | GDP=824.061
FLEX: 2431 2469 2420 2431 2384 | ACC: -3472 7844 14128 | GYRO: 644 -432 348 | GDP=849.979
FLEX: 2449 2503 2430 2429 2365 | ACC: -3696 7676 14616 | GYRO: 137 -344 597 | GDP=702.505
FLEX: 2405 2430 2400 2441 2364 | ACC: -2940 7500 14344 | GYRO: 533 -139 281 | GDP=618.362
FLEX: 2446 2448 2442 2418 2359 | ACC: -3204 7716 14332 | GYRO: 813 708 87 | GDP=1081.574
FLEX: 2438 2448 2439 2439 2350 | ACC: -3772 8072 14224 | GYRO: 963 -257 -137 | GDP=1006.075
FLEX: 2448 2444 2453 2422 2361 | ACC: -3636 7664 14376 | GYRO: 355 -295 244 | GDP=522.098
FLEX: 2443 2448 2448 2408 2357 | ACC: -3508 7712 14444 | GYRO: 1259 157 364 | GDP=1319.934
FLEX: 2421 2449 2432 2434 2368 | ACC: -3124 8172 13932 | GYRO: 1159 1416 390 | GDP=1870.945
FLEX: 2443 2419 2407 2423 2371 | ACC: -3736 7716 14572 | GYRO: 828 216 320 | GDP=913.586
FLEX: 2438 2433 2426 2438 2345 | ACC: -2932 7692 14220 | GYRO: 1342 -440 -6 | GDP=1412.303
FLEX: 2446 2421 2418 2445 2349 | ACC: -3476 7904 14160 | GYRO: 1735 882 -320 | GDP=1972.448
FLEX: 2441 2435 2447 2434 2368 | ACC: -3964 8304 13960 | GYRO: 2187 -660 -191 | GDP=2292.390
FLEX: 2427 2412 2439 2427 2368 | ACC: -3928 8152 14220 | GYRO: 1930 -770 57 | GDP=2078.713
FLEX: 2436 2428 2421 2423 2381 | ACC: -2956 8580 13088 | GYRO: 2737 309 429 | GDP=2787.596
FLEX: 2451 2434 2426 2420 2402 | ACC: -3844 8848 13444 | GYRO: 1987 1131 393 | GDP=2319.866
FLEX: 2448 2465 2432 2416 2415 | ACC: -3348 8788 13712 | GYRO: 924 -884 675 | GDP=1445.980
FLEX: 2448 2407 2416 2325 2398 | ACC: -2944 8348 13888 | GYRO: 383 -108 153 | GDP=426.336
FLEX: 2438 2453 2432 2419 2384 | ACC: -3024 8620 13460 | GYRO: 1263 -86 -410 | GDP=1330.663
FLEX: 2430 2425 2421 2398 2416 | ACC: -3948 8896 13696 | GYRO: 618 207 -134 | GDP=665.379
FLEX: 2462 2419 2435 2416 2405 | ACC: -3688 8616 13788 | GYRO: 534 -1041 107 | GDP=1174.856
FLEX: 2429 2416 2392 2395 2385 | ACC: -3472 8816 13456 | GYRO: 1172 497 195 | GDP=1287.873
FLEX: 2442 2438 2438 2381 2378 | ACC: -3464 8992 13464 | GYRO: 872 -192 261 | GDP=930.252
FLEX: 2445 2390 2396 2384 2371 | ACC: -2984 8936 13972 | GYRO: 213 -981 402 | GDP=1081.357
FLEX: 2437 2402 2401 2427 2384 | ACC: -2888 8308 14048 | GYRO: 748 210 -108 | GDP=784.390
FLEX: 2432 2391 2389 2362 2377 | ACC: -3220 8880 13308 | GYRO: 1306 786 -603 | GDP=1639.220
FLEX: 2432 2439 2431 2421 2381 | ACC: -3836 8988 13512 | GYRO: 719 -142 -192 | GDP=757.621
FLEX: 2416 2399 2391 2375 2369 | ACC: -3880 8628 13788 | GYRO: 140 -198 211 | GDP=321.442
FLEX: 2434 2416 2431 2413 2370 | ACC: -3292 8964 13244 | GYRO: 728 98 191 | GDP=758.992
FLEX: 2418 2430 2406 2364 2384 | ACC: -3408 8884 13676 | GYRO: 264 46 324 | GDP=420.462
FLEX: 2432 2448 2406 2413 2391 | ACC: -2876 8696 13948 | GYRO: 78 -1130 350 | GDP=1185.531
FLEX: 2416 2409 2407 2362 2363 | ACC: -2696 8272 14192 | GYRO: 794 -18 -130 | GDP=804.773
FLEX: 2443 2408 2405 2411 2385 | ACC: -3168 8912 13296 | GYRO: 1186 961 -600 | GDP=1640.158
FLEX: 2427 2395 2427 2364 2346 | ACC: -3996 9060 13560 | GYRO: 565 -273 -123 | GDP=639.440
FLEX: 2431 2435 2439 2405 2391 | ACC: -3620 8600 14000 | GYRO: 532 -547 258 | GDP=805.479
FLEX: 2434 2416 2410 2397 2374 | ACC: -3404 8676 13600 | GYRO: 897 395 190 | GDP=998.366
FLEX: 2453 2417 2407 2420 2352 | ACC: -2868 8976 13368 | GYRO: 700 -188 196 | GDP=750.840
FLEX: 2439 2414 2390 2381 2364 | ACC: -2488 8496 13936 | GYRO: -78 -856 -72 | GDP=862.557
FLEX: 2430 2412 2442 2395 2381 | ACC: -2072 8340 13632 | GYRO: 337 -661 -1262 | GDP=1463.945
FLEX: 2418 2389 2384 2351 2363 | ACC: -3284 8984 12880 | GYRO: -504 1127 -2121 | GDP=2454.136
FLEX: 2439 2416 2428 2407 2400 | ACC: -4320 8868 13436 | GYRO: -524 -1858 -632 | GDP=2031.296
FLEX: 2416 2394 2391 2363 2370 | ACC: -3916 8260 14264 | GYRO: -509 -1074 323 | GDP=1231.619
FLEX: 2433 2416 2475 2383 2390 | ACC: -3232 8020 14532 | GYRO: 777 310 260 | GDP=876.030
FLEX: 2439 2397 2388 2362 2372 | ACC: -3096 8484 13688 | GYRO: 1207 587 298 | GDP=1374.853
FLEX: 2455 2387 2426 2351 2382 | ACC: -3060 8268 14188 | GYRO: 605 -767 436 | GDP=1069.771
FLEX: 2444 2407 2403 2366 2367 | ACC: -2668 8124 13868 | GYRO: 955 232 -89 | GDP=986.798
FLEX: 2448 2402 2430 2394 2391 | ACC: -3256 8392 13724 | GYRO: 978 561 -327 | GDP=1173.940
FLEX: 2416 2405 2415 2359 2359 | ACC: -3684 8812 13400 | GYRO: 215 -30 -120 | GDP=248.042
FLEX: 2436 2381 2423 2412 2379 | ACC: -3840 8412 13940 | GYRO: -347 -1011 265 | GDP=1101.252
FLEX: 2442 2384 2401 2368 2352 | ACC: -3332 8308 13788 | GYRO: -232 -289 543 | GDP=657.415
FLEX: 2438 2405 2419 2384 2406 | ACC: -3072 8240 14036 | GYRO: 73 -117 476 | GDP=495.574
FLEX: 2427 2384 2386 2377 2330 | ACC: -3120 8068 15128 | GYRO: -155 -1582 916 | GDP=1834.613
FLEX: 2430 2368 2410 2416 2398 | ACC: -1808 7508 14896 | GYRO: 1119 -745 542 | GDP=1449.465
FLEX: 2419 2370 2420 2369 2374 | ACC: -2276 8144 13860 | GYRO: 2851 1565 -425 | GDP=3279.947
FLEX: 2444 2394 2426 2394 2401 | ACC: -3384 8836 13528 | GYRO: 2390 1131 -625 | GDP=2716.963
FLEX: 2431 2372 2396 2361 2379 | ACC: -3592 8716 13468 | GYRO: 587 -604 9 | GDP=842.298
FLEX: 2431 2399 2418 2416 2371 | ACC: -2660 8380 13572 | GYRO: 749 -274 -281 | GDP=845.599
FLEX: 2459 2384 2395 2350 2342 | ACC: -2328 8332 14452 | GYRO: 1367 -426 -1503 | GDP=2075.855
FLEX: 2443 2401 2416 2380 2363 | ACC: -1604 8096 14508 | GYRO: 2837 -1161 -3153 | GDP=4397.488
FLEX: 2429 2386 2395 2357 2370 | ACC: -2204 8484 13312 | GYRO: 3850 276 -5009 | GDP=6323.667
FLEX: 2422 2373 2399 2415 2357 | ACC: -3584 9128 12616 | GYRO: 2566 943 -5041 | GDP=5734.569
FLEX: 2431 2400 2413 2372 2370 | ACC: -4616 9564 12676 | GYRO: 1935 -60 -4244 | GDP=4664.693
FLEX: 2432 2432 2410 2402 2364 | ACC: -4620 8420 13888 | GYRO: 1467 640 -3497 | GDP=3845.868
FLEX: 2432 2375 2398 2366 2361 | ACC: -3676 8888 12744 | GYRO: 3422 3742 -4339 | GDP=6673.797
FLEX: 2447 2403 2410 2410 2379 | ACC: -5860 9000 13064 | GYRO: 3645 7967 -3945 | GDP=9608.440
FLEX: 2446 2384 2384 2358 2353 | ACC: -7480 9900 12848 | GYRO: 2992 1960 -1623 | GDP=3927.823
FLEX: 2455 2416 2415 2379 2358 | ACC: -5844 8920 11200 | GYRO: 1308 2137 86 | GDP=2506.996
FLEX: 2448 2389 2389 2371 2352 | ACC: -6908 9356 11632 | GYRO: 1090 3304 -833 | GDP=3577.486
FLEX: 2458 2826 2419 2378 2380 | ACC: -7612 9456 12052 | GYRO: 551 -466 -387 | GDP=818.857
FLEX: 2461 2370 2400 2343 2404 | ACC: -6216 9204 11652 | GYRO: -851 -1142 1373 | GDP=1978.255
FLEX: 2480 2390 2412 2384 2402 | ACC: -5968 9220 12232 | GYRO: 74 155 232 | GDP=288.661
FLEX: 2496 2384 2397 2338 2409 | ACC: -6080 9288 12208 | GYRO: -578 -842 156 | GDP=1033.143
FLEX: 2470 2351 2429 2405 2328 | ACC: -6036 8960 13136 | GYRO: -74 -2356 367 | GDP=2385.561
FLEX: 2480 2369 2431 2309 2344 | ACC: -5716 8920 12528 | GYRO: 815 -494 677 | GDP=1169.012
FLEX: 2510 2322 2384 2397 2367 | ACC: -7112 9632 12048 | GYRO: 659 1464 2674 | GDP=3118.951
FLEX: 2425 2401 2372 2355 2323 | ACC: -7200 9636 12160 | GYRO: 49 892 4888 | GDP=4968.964
FLEX: 2438 2414 2466 2431 2349 | ACC: -6108 9304 12252 | GYRO: -473 -641 6388 | GDP=6437.480
FLEX: 2422 2339 2375 2381 2359 | ACC: -4736 9260 11888 | GYRO: -570 -35 5624 | GDP=5652.919
FLEX: 2419 2373 2402 2397 2361 | ACC: -4456 9576 12504 | GYRO: -951 -956 4479 | GDP=4677.583
FLEX: 2411 2375 2401 2358 2368 | ACC: -3912 9528 12560 | GYRO: -1330 -2239 3294 | GDP=4199.102
FLEX: 2394 2372 2411 2414 2365 | ACC: -3228 9392 12436 | GYRO: -1636 -918 2162 | GDP=2862.423
FLEX: 2435 2292 2365 2308 2396 | ACC: -3596 9412 12424 | GYRO: -2105 286 1214 | GDP=2446.756
FLEX: 2471 2344 2411 2353 2333 | ACC: -3652 9424 13572 | GYRO: -3108 -1986 2079 | GDP=4233.922
FLEX: 2441 2359 2441 2384 2377 | ACC: -3064 8572 13800 | GYRO: -2983 -327 1945 | GDP=3576.065
FLEX: 2435 2311 2406 2391 2357 | ACC: -3400 8316 14192 | GYRO: -3220 36 1406 | GDP=3513.763
FLEX: 2439 2351 2424 2367 2349 | ACC: -2844 8248 14100 | GYRO: -2257 -449 1410 | GDP=2698.842
FLEX: 2368 2330 2388 2385 2364 | ACC: -2384 7708 14684 | GYRO: -3084 -859 1247 | GDP=3435.687
FLEX: 2401 2351 2406 2383 2351 | ACC: -1708 7344 14676 | GYRO: -1375 -189 118 | GDP=1392.936
FLEX: 2385 2367 2425 2369 2371 | ACC: -2804 7416 14588 | GYRO: -976 1310 -856 | GDP=1844.292
FLEX: 2495 2365 2405 2370 2364 | ACC: -3288 7372 14880 | GYRO: 441 -664 -1034 | GDP=1305.578
FLEX: 2441 2316 2389 2397 2370 | ACC: -3464 7604 14032 | GYRO: 120 -234 -898 | GDP=935.714
FLEX: 2447 2335 2411 2387 2351 | ACC: -3316 7552 13220 | GYRO: -1113 926 -1066 | GDP=1797.944
FLEX: 2438 2311 2430 2384 2360 | ACC: -3684 7452 13272 | GYRO: -5834 393 -1838 | GDP=6129.294
FLEX: 2441 2368 2391 2357 2368 | ACC: -5124 5972 16132 | GYRO: -9928 -1842 -1076 | GDP=10154.601
FLEX: 2448 2352 2399 2389 2370 | ACC: -1296 4624 14888 | GYRO: -5135 -4748 -173 | GDP=6995.832
FLEX: 2419 2384 2415 2353 2343 | ACC: -2076 4560 15888 | GYRO: -4081 341 -637 | GDP=4144.468
FLEX: 2417 2342 2379 2352 2365 | ACC: -3924 4004 17440 | GYRO: -3675 -343 -210 | GDP=3696.941
FLEX: 2453 2324 2397 2353 2367 | ACC: -2416 3608 15636 | GYRO: -2375 -445 -264 | GDP=2430.709
FLEX: 2438 2329 2401 2351 2348 | ACC: -2608 3540 15824 | GYRO: -1530 -489 -73 | GDP=1607.902
FLEX: 2442 2310 2375 2379 2353 | ACC: -1864 3204 15488 | GYRO: 821 -106 -335 | GDP=893.030
FLEX: 2438 2331 2411 2391 2343 | ACC: -2736 3240 16452 | GYRO: 528 -1390 419 | GDP=1544.812
FLEX: 2455 2346 2397 2365 2349 | ACC: -1724 3312 15776 | GYRO: 1522 -1044 683 | GDP=1967.971
FLEX: 2418 2318 2379 2348 2346 | ACC: -2464 3368 16780 | GYRO: 2635 -1468 76 | GDP=3017.288
FLEX: 2438 2303 2394 2349 2342 | ACC: -1864 3624 16616 | GYRO: 4845 -3067 -67 | GDP=5734.545
FLEX: 2446 2320 2384 2368 2352 | ACC: -1872 4232 15764 | GYRO: 5033 -1450 -1628 | GDP=5484.886
FLEX: 2438 2335 2382 2371 2344 | ACC: -1748 5360 14124 | GYRO: 3219 -3534 -1616 | GDP=5046.045
FLEX: 2445 2335 2393 2351 2343 | ACC: -1712 5796 13740 | GYRO: -1848 -4734 -1660 | GDP=5346.163
FLEX: 2422 2313 2395 2338 2345 | ACC: -96 3424 16040 | GYRO: -6457 -5540 -1090 | GDP=8577.444
FLEX: 2442 2314 2380 2387 2331 | ACC: 1092 3784 14188 | GYRO: 627 2587 217 | GDP=2670.728
FLEX: 2441 2329 2394 2352 2352 | ACC: -636 4660 16408 | GYRO: 943 -1360 963 | GDP=1914.737
FLEX: 2411 2299 2383 2352 2334 | ACC: 228 4224 15928 | GYRO: 1934 -1242 97 | GDP=2300.506
FLEX: 2458 2324 2384 2341 2363 | ACC: -244 4536 15380 | GYRO: 1614 378 -73 | GDP=1659.280
FLEX: 2418 2318 2347 2350 2374 | ACC: -800 5228 14536 | GYRO: -43 -611 -486 | GDP=781.899
FLEX: 2448 2320 2382 2369 2352 | ACC: -688 2736 21380 | GYRO: 1058 -1510 81 | GDP=1845.542
FLEX: 2433 2321 2384 2355 2350 | ACC: -100 3828 16912 | GYRO: 383 -1068 807 | GDP=1392.323
FLEX: 2447 2319 2384 2354 2337 | ACC: 420 4324 16336 | GYRO: 1919 34 20 | GDP=1919.405
FLEX: 2431 2278 2368 2351 2335 | ACC: -540 5120 15204 | GYRO: 1898 545 -328 | GDP=2001.752
FLEX: 2442 2314 2400 2367 2351 | ACC: -616 4928 14864 | GYRO: -1044 -908 -177 | GDP=1394.894
FLEX: 2417 2315 2384 2325 2327 | ACC: 420 2780 20224 | GYRO: 1326 -588 357 | GDP=1493.810
FLEX: 2446 2302 2367 2341 2352 | ACC: 948 3744 16852 | GYRO: 752 1989 -434 | GDP=2170.249
FLEX: 2429 2320 2358 2318 2319 | ACC: 988 4108 16556 | GYRO: 2204 -513 -1942 | GDP=2981.971
FLEX: 2435 2314 2399 2348 2336 | ACC: 272 4840 15072 | GYRO: 1923 378 -2365 | GDP=3071.488
FLEX: 2436 2325 2381 2346 2331 | ACC: -1128 5480 14296 | GYRO: 124 -738 -2882 | GDP=2977.573
FLEX: 2418 2354 2370 2351 2355 | ACC: -1132 4556 18408 | GYRO: 3128 2986 -326 | GDP=4336.687
FLEX: 2435 2300 2367 2351 2323 | ACC: -1444 4356 17660 | GYRO: 919 -3148 32 | GDP=3279.556
FLEX: 2448 2315 2381 2351 2351 | ACC: 260 5212 15108 | GYRO: 1900 277 -527 | GDP=1991.095
FLEX: 2426 2314 2368 2334 2351 | ACC: -972 5536 14828 | GYRO: 942 735 -545 | GDP=1313.246
FLEX: 2445 2307 2384 2352 2379 | ACC: 324 4672 15056 | GYRO: -2991 -2562 75 | GDP=3938.978
FLEX: 2446 2260 2356 2304 2339 | ACC: 288 4688 15512 | GYRO: 1003 3124 55 | GDP=3281.526
FLEX: 2434 2286 2384 2365 2371 | ACC: -620 5292 16032 | GYRO: 1509 -699 -118 | GDP=1667.215
FLEX: 2435 2303 2357 2314 2340 | ACC: -396 5132 15136 | GYRO: 844 669 667 | GDP=1266.802
FLEX: 2447 2325 2381 2345 2352 | ACC: -512 4992 15256 | GYRO: -636 -905 210 | GDP=1125.887
FLEX: 2415 2295 2389 2319 2337 | ACC: 1192 4012 18504 | GYRO: 1175 -427 -161 | GDP=1260.506
FLEX: 2435 2287 2385 2318 2327 | ACC: -136 4428 17472 | GYRO: 1185 464 -128 | GDP=1279.025
FLEX: 2430 2289 2363 2306 2357 | ACC: -376 5000 15312 | GYRO: 2188 940 -872 | GDP=2536.006
FLEX: 2432 2311 2337 2338 2354 | ACC: -1412 5700 14312 | GYRO: 786 847 -68 | GDP=1157.510
FLEX: 2430 2306 2355 2318 2331 | ACC: -1280 5552 14840 | GYRO: -1944 -1338 236 | GDP=2371.724
FLEX: 2448 2336 2351 2352 2356 | ACC: 240 1488 23248 | GYRO: 1176 -1919 1449 | GDP=2676.778
FLEX: 2429 2299 2352 2295 2362 | ACC: -568 4176 17396 | GYRO: 2224 3003 726 | GDP=3806.739
FLEX: 2439 2326 2386 2372 2351 | ACC: -44 5392 15420 | GYRO: 4341 23 129 | GDP=4342.978
FLEX: 2442 2303 2372 2327 2340 | ACC: -412 5844 14832 | GYRO: 1741 616 615 | GDP=1946.474
FLEX: 2443 2247 2379 2344 2352 | ACC: 32 5632 13968 | GYRO: -1899 -714 -113 | GDP=2031.937
FLEX: 2444 2279 2352 2307 2337 | ACC: 436 4944 15172 | GYRO: -5195 520 -89 | GDP=5221.718
FLEX: 2441 2327 2409 2370 2352 | ACC: 2256 4092 13628 | GYRO: 2174 2524 284 | GDP=3343.278
FLEX: 2443 2319 2373 2338 2342 | ACC: -316 4728 16580 | GYRO: 3382 -372 107 | GDP=3404.079
FLEX: 2415 2287 2373 2339 2327 | ACC: -424 5548 14560 | GYRO: 3524 1251 -398 | GDP=3760.583
FLEX: 2419 2307 2365 2320 2336 | ACC: -1116 6384 14004 | GYRO: -184 170 -266 | GDP=365.393
FLEX: 2419 2303 2373 2335 2349 | ACC: -136 5404 14620 | GYRO: -4400 -2206 100 | GDP=4923.051
FLEX: 2430 2287 2366 2340 2320 | ACC: -1644 1416 26252 | GYRO: 3355 -98 582 | GDP=3406.516
FLEX: 2431 2313 2362 2358 2362 | ACC: -1596 4440 17888 | GYRO: 3417 2039 1845 | GDP=4386.050
FLEX: 2401 2290 2384 2303 2337 | ACC: -1128 5368 16072 | GYRO: 3974 771 856 | GDP=4137.614
FLEX: 2452 2319 2380 2366 2358 | ACC: -352 5772 14364 | GYRO: 1928 377 617 | GDP=2059.126
FLEX: 2403 2301 2365 2323 2333 | ACC: -64 5996 13804 | GYRO: -1041 -384 48 | GDP=1110.604
FLEX: 2427 2301 2362 2370 2336 | ACC: 88 5096 15352 | GYRO: -4385 -1874 -388 | GDP=4784.417
FLEX: 2443 2272 2368 2327 2332 | ACC: 1268 2824 19164 | GYRO: 224 -2106 687 | GDP=2226.518
FLEX: 2430 2304 2379 2347 2347 | ACC: -1172 3992 18460 | GYRO: 4905 3042 28 | GDP=5771.791
FLEX: 2454 2303 2368 2290 2329 | ACC: -800 5908 15136 | GYRO: 4800 576 -807 | GDP=4901.329
FLEX: 2442 2304 2381 2334 2356 | ACC: -820 6316 14036 | GYRO: 1684 -17 86 | GDP=1686.280
FLEX: 2448 2282 2355 2314 2315 | ACC: -256 6060 14308 | GYRO: -520 -552 58 | GDP=760.571
FLEX: 2442 2275 2386 2351 2349 | ACC: -516 5912 14876 | GYRO: -1828 -468 100 | GDP=1889.605
FLEX: 2421 2292 2351 2301 2319 | ACC: -140 5356 15192 | GYRO: -4378 -884 133 | GDP=4468.336
FLEX: 2444 2304 2380 2347 2327 | ACC: 1232 2568 18428 | GYRO: -2357 -2449 1066 | GDP=3562.219
FLEX: 2433 2286 2373 2303 2334 | ACC: -228 4620 15868 | GYRO: 1208 4493 465 | GDP=4675.739
FLEX: 2434 2316 2365 2354 2343 | ACC: -912 5284 15804 | GYRO: 874 -902 50 | GDP=1256.973
FLEX: 2443 2289 2352 2305 2304 | ACC: -328 4812 15712 | GYRO: -227 -38 563 | GDP=608.229
FLEX: 2439 2295 2387 2342 2352 | ACC: 184 4520 16172 | GYRO: 529 -62 375 | GDP=651.391
FLEX: 2429 2293 2352 2251 2343 | ACC: -40 4704 15832 | GYRO: 654 398 264 | GDP=809.825
FLEX: 2443 2308 2331 2367 2387 | ACC: 16 4648 16336 | GYRO: 678 -139 138 | GDP=705.726
FLEX: 2443 2288 2384 2323 2352 | ACC: 324 4456 15848 | GYRO: 835 307 27 | GDP=890.058
FLEX: 2439 2301 2422 2323 2367 | ACC: -268 4856 15576 | GYRO: 1041 502 -392 | GDP=1220.389
FLEX: 2439 2294 2362 2192 2374 | ACC: -720 4864 15996 | GYRO: 344 -203 36 | GDP=401.050
FLEX: 2448 2305 2383 2336 2341 | ACC: -188 4508 16284 | GYRO: 570 -7 251 | GDP=622.856
FLEX: 2430 2315 2358 2343 2317 | ACC: -224 4864 15524 | GYRO: 917 286 98 | GDP=965.551
FLEX: 2464 2274 2379 2374 2383 | ACC: -336 4952 15296 | GYRO: -15 -197 230 | GDP=303.206
FLEX: 2452 2289 2367 2320 2332 | ACC: 832 4352 16456 | GYRO: 915 -1084 178 | GDP=1429.673
FLEX: 2437 2325 2371 2308 2384 | ACC: -108 4348 16192 | GYRO: 1006 236 -184 | GDP=1049.566
FLEX: 2424 2312 2327 2264 2320 | ACC: -428 5044 15488 | GYRO: 859 372 -424 | GDP=1027.639
FLEX: 2451 2346 2368 2371 2367 | ACC: -816 5096 15752 | GYRO: 91 -68 -2 | GDP=113.618
FLEX: 2396 2353 2375 2333 2353 | ACC: -108 4640 15744 | GYRO: 653 -295 394 | GDP=817.722
FLEX: 2421 2314 2333 2289 2367 | ACC: -348 4692 16240 | GYRO: 784 -43 439 | GDP=899.570
FLEX: 2427 2258 2357 2304 2310 | ACC: 32 4808 15820 | GYRO: 771 405 251 | GDP=906.348
FLEX: 2465 2330 2403 2327 2358 | ACC: 280 4468 16340 | GYRO: 375 -705 137 | GDP=810.197
FLEX: 2430 2279 2375 2310 2324 | ACC: 328 4356 16072 | GYRO: 1282 433 -427 | GDP=1418.923
FLEX: 2417 2286 2367 2362 2384 | ACC: -652 5112 15628 | GYRO: 1223 384 -637 | GDP=1431.417
FLEX: 2435 2304 2256 2318 2352 | ACC: -752 5168 15580 | GYRO: 418 -25 105 | GDP=431.711
FLEX: 2451 2388 2367 2321 2351 | ACC: -568 4580 16272 | GYRO: 371 -241 391 | GDP=590.426
FLEX: 2429 2331 2377 2313 2327 | ACC: -16 4744 15948 | GYRO: 760 323 247 | GDP=861.939
FLEX: 2423 2278 2371 2304 2354 | ACC: 24 4768 15824 | GYRO: 546 186 226 | GDP=619.506
FLEX: 2424 2311 2384 2307 2324 | ACC: 364 4500 16232 | GYRO: 518 -464 63 | GDP=698.276
FLEX: 2432 2329 2363 2337 2341 | ACC: 76 4592 15952 | GYRO: 1290 610 -524 | GDP=1520.124
FLEX: 2451 2298 2365 2319 2327 | ACC: -848 5228 15568 | GYRO: 1002 487 -460 | GDP=1205.310
FLEX: 2433 2314 2361 2356 2319 | ACC: -964 5044 15716 | GYRO: 71 -124 210 | GDP=254.002
FLEX: 2426 2317 2374 2307 2336 | ACC: -308 4460 16356 | GYRO: 482 -618 630 | GDP=1005.559
FLEX: 2431 2294 2368 2320 2341 | ACC: -192 4920 15776 | GYRO: 1145 747 245 | GDP=1388.906
FLEX: 2439 2315 2342 2335 2327 | ACC: -60 4908 15704 | GYRO: 401 -23 261 | GDP=479.010
FLEX: 2437 2275 2355 2347 2355 | ACC: 304 4472 16284 | GYRO: 406 -305 -31 | GDP=508.746
FLEX: 2455 2287 2319 2285 2317 | ACC: 60 4548 16100 | GYRO: 1106 584 -622 | GDP=1396.845
FLEX: 2414 2279 2370 2330 2337 | ACC: -940 5240 15644 | GYRO: 1038 362 -555 | GDP=1231.468
FLEX: 2447 2320 2370 2288 2335 | ACC: -1208 4972 16136 | GYRO: 557 -478 265 | GDP=780.358
FLEX: 2443 2301 2354 2323 2331 | ACC: -872 4916 15740 | GYRO: 1342 -17 712 | GDP=1519.275
FLEX: 2428 2291 2375 2321 2343 | ACC: -456 5444 15084 | GYRO: 939 614 959 | GDP=1475.940
FLEX: 2431 2304 2335 2335 2343 | ACC: -68 5008 15604 | GYRO: -692 -610 634 | GDP=1119.339
FLEX: 2449 2293 2367 2320 2370 | ACC: 628 4392 16076 | GYRO: -1545 -572 150 | GDP=1654.300
FLEX: 2433 2287 2347 2345 2326 | ACC: -12 4236 18028 | GYRO: 1291 126 -401 | GDP=1357.703
FLEX: 2443 2311 2345 2317 2354 | ACC: -984 4684 16424 | GYRO: 1139 -171 -333 | GDP=1198.938
FLEX: 2450 2273 2386 2325 2333 | ACC: -552 4736 15840 | GYRO: 904 205 170 | GDP=942.412
FLEX: 2429 2297 2370 2323 2347 | ACC: -348 4852 15380 | GYRO: 840 21 175 | GDP=858.292
FLEX: 2417 2266 2372 2295 2309 | ACC: -240 5012 15120 | GYRO: 288 -131 70 | GDP=324.045
FLEX: 2455 2288 2359 2298 2326 | ACC: -212 4524 16420 | GYRO: -165 -542 252 | GDP=620.075
FLEX: 2439 2282 2351 2330 2339 | ACC: 228 4376 16560 | GYRO: 930 63 143 | GDP=943.037
FLEX: 2429 2301 2355 2342 2350 | ACC: -188 4780 15628 | GYRO: 1489 922 -386 | GDP=1793.377
FLEX: 2417 2271 2354 2334 2335 | ACC: -716 5184 15304 | GYRO: 631 12 -64 | GDP=634.351
FLEX: 2458 2319 2371 2326 2333 | ACC: -720 4580 16168 | GYRO: -254 -428 230 | GDP=548.270
FLEX: 2428 2278 2351 2318 2333 | ACC: -56 4532 16048 | GYRO: 737 360 111 | GDP=827.702
FLEX: 2450 2297 2384 2339 2352 | ACC: -164 4868 15552 | GYRO: 652 96 150 | GDP=675.885
FLEX: 2416 2247 2349 2317 2295 | ACC: -108 4516 16156 | GYRO: 257 -386 196 | GDP=503.449
FLEX: 2434 2281 2379 2352 2351 | ACC: 60 4160 16512 | GYRO: 817 158 -134 | GDP=842.858
FLEX: 2429 2303 2352 2341 2334 | ACC: -320 4804 15720 | GYRO: 1389 1078 -544 | GDP=1840.473
FLEX: 2448 2314 2378 2323 2343 | ACC: -920 5156 15860 | GYRO: 544 -315 -156 | GDP=647.686
FLEX: 2384 2279 2371 2345 2330 | ACC: -792 4516 16356 | GYRO: 800 -136 472 | GDP=938.765
FLEX: 2453 2279 2366 2333 2331 | ACC: -764 4880 15572 | GYRO: 1819 1721 868 | GDP=2650.288
FLEX: 2429 2303 2352 2323 2305 | ACC: -2336 5484 15420 | GYRO: 1757 3886 1674 | GDP=4581.520
FLEX: 2448 2339 2367 2351 2337 | ACC: -3392 5740 14932 | GYRO: 1516 3057 3302 | GDP=4748.337
FLEX: 2441 2276 2325 2316 2331 | ACC: -4312 5708 14940 | GYRO: 429 2207 5217 | GDP=5680.843
FLEX: 2443 2318 2368 2327 2373 | ACC: -2720 4520 16044 | GYRO: -237 -607 6733 | GDP=6764.459
FLEX: 2416 2272 2359 2304 2335 | ACC: -96 4736 16432 | GYRO: -1249 -86 6758 | GDP=6872.988
FLEX: 2438 2283 2386 2363 2338 | ACC: 336 4176 16432 | GYRO: 478 744 5494 | GDP=5564.715
FLEX: 2423 2268 2365 2330 2332 | ACC: -136 4496 15972 | GYRO: 552 1044 4802 | GDP=4945.083
FLEX: 2454 2304 2398 2375 2343 | ACC: 980 4532 15964 | GYRO: -75 -93 3983 | GDP=3984.792
FLEX: 2449 2287 2365 2301 2330 | ACC: 1020 4588 15724 | GYRO: 234 -379 2895 | GDP=2929.065
FLEX: 2447 2273 2381 2363 2374 | ACC: 92 4584 15952 | GYRO: 50 -559 2256 | GDP=2324.762
FLEX: 2423 2283 2352 2266 2335 | ACC: 180 4792 16240 | GYRO: -764 -522 2056 | GDP=2254.621
FLEX: 2453 2299 2378 2336 2327 | ACC: 864 4224 17088 | GYRO: 130 -1355 1203 | GDP=1816.627
FLEX: 2437 2282 2352 2307 2324 | ACC: 1008 4268 16476 | GYRO: 1344 23 777 | GDP=1552.609
FLEX: 2435 2301 2288 2278 2327 | ACC: 560 4820 15592 | GYRO: 1940 917 296 | GDP=2166.127
FLEX: 2416 2294 2385 2298 2339 | ACC: 68 5092 15524 | GYRO: 924 -95 47 | GDP=930.059
FLEX: 2429 2287 2363 2342 2343 | ACC: 480 4812 15648 | GYRO: 382 -159 15 | GDP=414.041
FLEX: 2435 2274 2359 2282 2329 | ACC: 352 4736 16112 | GYRO: 429 138 -362 | GDP=578.039
FLEX: 2465 2292 2353 2358 2350 | ACC: 200 4976 16064 | GYRO: 698 -127 -718 | GDP=1009.384
FLEX: 2423 2277 2369 2293 2354 | ACC: -376 4844 15976 | GYRO: 690 -9 -379 | GDP=787.288
FLEX: 2437 2290 2307 2313 2358 | ACC: -132 4996 15752 | GYRO: 642 17 -113 | GDP=652.090
FLEX: 2420 2281 2389 2299 2325 | ACC: -40 5128 15320 | GYRO: 693 641 -60 | GDP=945.902
FLEX: 2441 2292 2369 2338 2339 | ACC: -16 4660 16348 | GYRO: 23 -630 -71 | GDP=634.405
FLEX: 2435 2286 2349 2310 2313 | ACC: 640 4496 16236 | GYRO: 357 -41 -115 | GDP=377.300
FLEX: 2446 2289 2365 2343 2339 | ACC: 580 4532 16028 | GYRO: 1098 413 -686 | GDP=1358.959
FLEX: 2428 2266 2373 2308 2342 | ACC: 220 4784 16288 | GYRO: 1061 264 -1356 | GDP=1741.882
FLEX: 2433 2305 2371 2334 2338 | ACC: -132 4772 16116 | GYRO: 1034 -211 -1368 | GDP=1727.745
FLEX: 2429 2270 2379 2307 2320 | ACC: -296 4944 15652 | GYRO: 1094 483 -1370 | GDP=1818.523
FLEX: 2448 2305 2378 2339 2347 | ACC: -720 5372 15204 | GYRO: 1062 398 -1060 | GDP=1552.369
FLEX: 2422 2263 2352 2289 2325 | ACC: -888 4860 16156 | GYRO: 167 -346 -715 | GDP=811.683
FLEX: 2434 2256 2378 2320 2353 | ACC: -260 4868 15944 | GYRO: 632 -443 -456 | GDP=896.442
FLEX: 2426 2295 2337 2291 2323 | ACC: -460 4996 15880 | GYRO: 1149 616 -499 | GDP=1395.943
FLEX: 2441 2305 2302 2353 2322 | ACC: -1020 5400 15312 | GYRO: 752 174 -305 | GDP=829.943
FLEX: 2437 2278 2345 2306 2325 | ACC: -1040 4992 15780 | GYRO: -292 -614 472 | GDP=827.674
FLEX: 2429 2323 2366 2359 2352 | ACC: -328 4896 15824 | GYRO: 196 -55 803 | GDP=828.402
FLEX: 2426 2274 2352 2294 2324 | ACC: -432 4880 16092 | GYRO: 696 -104 684 | GDP=981.370
FLEX: 2423 2295 2368 2356 2343 | ACC: -668 4672 16280 | GYRO: 667 -726 1002 | GDP=1405.692
FLEX: 2425 2288 2390 2290 2315 | ACC: -444 4884 16004 | GYRO: 1094 -565 1247 | GDP=1752.447
FLEX: 2437 2288 2370 2320 2347 | ACC: -780 5272 15872 | GYRO: 1213 -504 1517 | GDP=2006.657
FLEX: 2430 2290 2371 2311 2315 | ACC: -1160 5448 16020 | GYRO: 1155 -466 1908 | GDP=2278.518
FLEX: 2442 2340 2380 2352 2362 | ACC: -1400 6612 13928 | GYRO: 3012 0 3160 | GDP=4365.518
FLEX: 2422 2287 2360 2307 2331 | ACC: -2128 7412 15452 | GYRO: 2099 1781 4664 | GDP=5415.779
FLEX: 2446 2285 2356 2381 2325 | ACC: -2396 7384 16732 | GYRO: 514 -4334 5320 | GDP=6881.145
FLEX: 2427 2254 2363 2298 2323 | ACC: -1164 6240 17648 | GYRO: -1024 -6096 7626 | GDP=9816.602
FLEX: 2449 2265 2400 2399 2358 | ACC: 1052 5704 17408 | GYRO: -1612 -9993 9285 | GDP=13735.714
FLEX: 2415 2279 2368 2322 2367 | ACC: 3724 5392 15064 | GYRO: -4675 -13385 8143 | GDP=16349.994
FLEX: 2415 2307 2411 2327 2320 | ACC: 7364 4208 12772 | GYRO: -17219 -12679 6416 | GDP=22325.234
FLEX: 2463 2265 2350 2303 2320 | ACC: 9460 -624 12996 | GYRO: -27166 -3757 3674 | GDP=27669.566
FLEX: 2421 2283 2413 2356 2347 | ACC: 8300 -5084 18368 | GYRO: -8127 -4879 4564 | GDP=10520.593
FLEX: 2432 2259 2269 2316 2338 | ACC: 7252 -4092 16384 | GYRO: 7350 -895 3755 | GDP=8302.021
FLEX: 2438 2224 2358 2333 2343 | ACC: 7620 -2096 12168 | GYRO: 8098 1321 3920 | GDP=9093.352
FLEX: 2403 2257 2373 2256 2316 | ACC: 6144 -1276 11748 | GYRO: 5330 2442 4325 | GDP=7285.458
FLEX: 2419 2220 2379 2307 2311 | ACC: 5044 -2652 12180 | GYRO: 5808 -194 4711 | GDP=7480.910
FLEX: 2421 2255 2363 2327 2349 | ACC: 3064 5884 9580 | GYRO: 9500 -1540 4957 | GDP=10825.592
FLEX: 2416 2249 2337 2334 2332 | ACC: 10568 -4696 12604 | GYRO: -3760 -5147 9548 | GDP=11480.136
FLEX: 2415 2277 2357 2304 2323 | ACC: 6968 -4740 15064 | GYRO: -1873 11743 2311 | GDP=12113.913
FLEX: 2415 2236 2313 2365 2320 | ACC: 4224 -324 18240 | GYRO: -5439 -2911 3868 | GDP=7281.351
FLEX: 2400 2205 2306 2321 2351 | ACC: 9572 16 16604 | GYRO: -528 293 2356 | GDP=2432.153
FLEX: 2433 2261 2320 2321 2317 | ACC: 9188 -612 15892 | GYRO: -48 7096 2038 | GDP=7383.019
FLEX: 2439 2243 2352 2320 2315 | ACC: 3804 -2772 16820 | GYRO: 872 3448 -1013 | GDP=3698.007
FLEX: 2436 2225 2348 2309 2314 | ACC: 4192 -2264 14724 | GYRO: -2633 3607 -511 | GDP=4494.915
FLEX: 2435 2257 2362 2332 2318 | ACC: 4080 -2208 15928 | GYRO: 230 4900 1910 | GDP=5264.124
FLEX: 2425 2247 2347 2327 2322 | ACC: 3024 -2304 17236 | GYRO: -189 2690 1989 | GDP=3350.812
FLEX: 2445 2252 2348 2288 2323 | ACC: 4188 -3004 16492 | GYRO: 204 293 1117 | GDP=1172.670
FLEX: 2432 2249 2361 2306 2318 | ACC: 4504 -2884 15104 | GYRO: -566 1469 387 | GDP=1621.137
FLEX: 2438 2256 2355 2322 2303 | ACC: 4308 -2476 14880 | GYRO: -3061 2612 101 | GDP=4025.229
FLEX: 2443 2235 2348 2310 2320 | ACC: 4216 -3468 14360 | GYRO: -8310 4092 -911 | GDP=9307.550
FLEX: 2419 2268 2346 2310 2315 | ACC: 3496 -4796 14936 | GYRO: -11561 5250 -2308 | GDP=12905.273
FLEX: 2413 2268 2329 2302 2326 | ACC: 1592 -5980 17224 | GYRO: -9179 2235 -2343 | GDP=9733.392
FLEX: 2442 2241 2346 2300 2305 | ACC: 2484 -6628 16512 | GYRO: -2874 1001 -1403 | GDP=3351.162
FLEX: 2425 2267 2352 2279 2340 | ACC: 2040 -7056 15644 | GYRO: -300 813 -840 | GDP=1206.884
FLEX: 2433 2244 2366 2318 2311 | ACC: 1616 -6836 15532 | GYRO: 668 -465 -555 | GDP=985.126
FLEX: 2419 2275 2326 2316 2324 | ACC: 2308 -6332 14976 | GYRO: 1160 75 277 | GDP=1194.970
FLEX: 2423 2231 2355 2286 2314 | ACC: 2600 -6160 14312 | GYRO: 811 547 819 | GDP=1275.810
FLEX: 2423 2247 2355 2301 2311 | ACC: 2240 -5764 13972 | GYRO: -274 540 476 | GDP=770.229
FLEX: 2431 2249 2352 2295 2321 | ACC: 1992 -5560 13516 | GYRO: -2696 53 -181 | GDP=2702.589
FLEX: 2423 2241 2348 2298 2333 | ACC: 2608 -6744 14336 | GYRO: -3381 421 542 | GDP=3449.952
FLEX: 2435 2259 2356 2291 2320 | ACC: 2348 -8696 17044 | GYRO: 5557 -3177 -1834 | GDP=6658.613
FLEX: 2407 2244 2320 2320 2287 | ACC: 1948 -8612 15968 | GYRO: -63 1496 377 | GDP=1544.058
FLEX: 2421 2256 2352 2313 2331 | ACC: 1780 -6840 15284 | GYRO: 308 873 427 | GDP=1019.471
FLEX: 2433 2281 2333 2295 2320 | ACC: 2496 -6796 14640 | GYRO: 978 -181 -2 | GDP=994.610
FLEX: 2412 2254 2374 2318 2314 | ACC: 1848 -6960 14924 | GYRO: 1160 -665 -303 | GDP=1370.997
FLEX: 2421 2285 2384 2323 2327 | ACC: 2660 -7220 14756 | GYRO: 1029 -792 -164 | GDP=1308.817
FLEX: 2425 2257 2372 2307 2350 | ACC: 3072 -7120 14624 | GYRO: 544 -58 190 | GDP=579.137
FLEX: 2411 2254 2358 2361 2313 | ACC: 2380 -6844 14820 | GYRO: 774 255 125 | GDP=824.455
FLEX: 2404 2206 2378 2320 2319 | ACC: 2172 -6872 14972 | GYRO: 835 -79 198 | GDP=861.783
FLEX: 2399 2246 2384 2319 2342 | ACC: 2256 -6984 15032 | GYRO: 741 -234 189 | GDP=799.724
FLEX: 2435 2266 2388 2310 2326 | ACC: 2920 -6924 14444 | GYRO: 925 -440 113 | GDP=1030.531
FLEX: 2431 2237 2384 2298 2320 | ACC: 3108 -7260 15436 | GYRO: 1184 -499 905 | GDP=1571.586
FLEX: 2416 2246 2380 2295 2304 | ACC: 3636 -7532 16688 | GYRO: 3560 836 2483 | GDP=4420.157
FLEX: 2416 2224 2368 2288 2316 | ACC: 3116 -7324 16796 | GYRO: 9079 2155 1582 | GDP=9464.406
FLEX: 2409 2257 2372 2305 2330 | ACC: 1696 -5876 16780 | GYRO: 13355 -1124 11 | GDP=13402.222
FLEX: 2415 2240 2381 2303 2302 | ACC: 1900 -4116 15808 | GYRO: 20500 -5022 95 | GDP=21106.387
FLEX: 2416 2247 2343 2320 2321 | ACC: 1948 -1264 15948 | GYRO: 19898 -3821 120 | GDP=20261.906
FLEX: 2416 2237 2354 2299 2305 | ACC: 1912 192 15812 | GYRO: 17998 -6365 -597 | GDP=19099.676
FLEX: 2435 2256 2359 2332 2327 | ACC: 3084 2284 15084 | GYRO: 13526 -10583 -983 | GDP=17202.293
FLEX: 2432 2255 2362 2287 2336 | ACC: 4640 3132 15032 | GYRO: 11178 -12049 -209 | GDP=16436.842
FLEX: 2438 2274 2352 2320 2304 | ACC: 7276 4412 13312 | GYRO: 10409 -10157 -762 | GDP=14563.398
FLEX: 2414 2255 2348 2314 2318 | ACC: 7612 5116 13756 | GYRO: 8052 -4029 -406 | GDP=9012.901
FLEX: 2448 2287 2352 2323 2348 | ACC: 7856 5820 12760 | GYRO: 8324 -2468 -983 | GDP=8737.637
FLEX: 2423 2254 2350 2329 2307 | ACC: 7300 6272 13792 | GYRO: 5639 -1332 -702 | GDP=5836.553
FLEX: 2427 2245 2369 2339 2332 | ACC: 7984 7832 12344 | GYRO: 3581 -2656 -973 | GDP=4563.400
FLEX: 2429 2221 2351 2286 2331 | ACC: 7812 8480 11868 | GYRO: -2620 -2845 -344 | GDP=3882.881
FLEX: 2487 2266 2362 2335 2332 | ACC: 8636 6512 12560 | GYRO: -1705 -4283 888 | GDP=4694.641
FLEX: 2416 2228 2333 2299 2306 | ACC: 8664 6668 12892 | GYRO: -1593 -826 342 | GDP=1826.715
FLEX: 2447 2256 2379 2352 2339 | ACC: 8296 6612 13032 | GYRO: -1616 -723 37 | GDP=1770.750
FLEX: 2433 2238 2361 2302 2317 | ACC: 8648 6092 13220 | GYRO: -134 -942 774 | GDP=1226.538
FLEX: 2447 2262 2404 2323 2343 | ACC: 8964 6176 12876 | GYRO: 27 121 165 | GDP=206.386
FLEX: 2431 2251 2352 2303 2340 | ACC: 8652 6124 13084 | GYRO: 598 51 7 | GDP=600.212
FLEX: 2439 2287 2352 2348 2344 | ACC: 8604 6444 12864 | GYRO: 530 257 232 | GDP=633.066
FLEX: 2428 2235 2363 2305 2320 | ACC: 9188 5908 12788 | GYRO: 590 -445 250 | GDP=780.144
FLEX: 2414 2273 2364 2337 2351 | ACC: 9152 5860 12920 | GYRO: 471 129 -298 | GDP=572.089
FLEX: 2420 2240 2347 2306 2318 | ACC: 9424 6056 12856 | GYRO: 765 597 -686 | GDP=1188.373
FLEX: 2446 2261 2310 2335 2327 | ACC: 8828 6640 12616 | GYRO: 1131 2967 -1127 | GDP=3369.329
FLEX: 2427 2226 2347 2293 2321 | ACC: 8060 6504 13036 | GYRO: -686 1131 -1072 | GDP=1702.628
FLEX: 2442 2269 2379 2362 2336 | ACC: 8888 6220 12184 | GYRO: -2260 866 -1096 | GDP=2656.835
FLEX: 2416 2255 2353 2307 2321 | ACC: 8680 6500 11960 | GYRO: -6715 6520 -1867 | GDP=9543.968
FLEX: 2457 2249 2374 2301 2333 | ACC: 7244 3980 14880 | GYRO: -1758 3326 906 | GDP=3869.583
FLEX: 2435 2229 2350 2274 2335 | ACC: 6836 5632 13900 | GYRO: -1510 9129 -1628 | GDP=9395.165
FLEX: 2438 2288 2362 2334 2345 | ACC: 4876 5332 14604 | GYRO: -6268 7768 -1075 | GDP=10039.187
FLEX: 2418 2240 2337 2316 2327 | ACC: 5620 4100 14624 | GYRO: -1654 4223 221 | GDP=4540.736
FLEX: 2432 2256 2334 2348 2345 | ACC: 4828 4772 14024 | GYRO: -3522 6558 -606 | GDP=7468.540
FLEX: 2423 2237 2367 2302 2320 | ACC: 4092 3880 13372 | GYRO: -11342 6173 -1046 | GDP=12955.347
FLEX: 2427 2291 2354 2351 2330 | ACC: 2376 1520 15416 | GYRO: -19078 5188 -320 | GDP=19773.412
FLEX: 2433 2265 2347 2304 2294 | ACC: 3468 -1836 14392 | GYRO: -22343 5495 -1190 | GDP=23039.549
FLEX: 2432 2266 2369 2346 2335 | ACC: 2908 -4056 19672 | GYRO: -6478 -3651 -829 | GDP=7482.080
FLEX: 2415 2227 2352 2313 2303 | ACC: 2236 -2032 17044 | GYRO: 775 23 -1791 | GDP=1951.624
FLEX: 2449 2263 2352 2352 2344 | ACC: 2088 -3184 17188 | GYRO: -876 -291 -585 | GDP=1092.832
FLEX: 2412 2233 2363 2301 2319 | ACC: 3136 -2884 15880 | GYRO: 1326 -102 -2 | GDP=1329.919
FLEX: 2409 2262 2369 2343 2322 | ACC: 2732 -3000 16452 | GYRO: 451 883 281 | GDP=1030.559
FLEX: 2416 2255 2352 2292 2317 | ACC: 2732 -2704 16556 | GYRO: 1210 -160 159 | GDP=1230.846
FLEX: 2434 2257 2371 2347 2349 | ACC: 3208 -2884 16168 | GYRO: 1301 160 -148 | GDP=1319.130
FLEX: 2415 2242 2352 2314 2318 | ACC: 2672 -2728 16228 | GYRO: 654 29 -396 | GDP=765.097
FLEX: 2435 2245 2359 2358 2338 | ACC: 2760 -2252 16204 | GYRO: 1433 -314 -175 | GDP=1477.400
FLEX: 2449 2243 2368 2306 2309 | ACC: 2728 -2252 15828 | GYRO: 911 -839 -118 | GDP=1244.092
FLEX: 2432 2261 2371 2322 2335 | ACC: 2908 -2368 15696 | GYRO: 960 -988 -51 | GDP=1378.530
FLEX: 2421 2235 2300 2291 2320 | ACC: 3116 -2308 15788 | GYRO: -266 -768 -12 | GDP=812.849
FLEX: 2425 2252 2362 2281 2335 | ACC: 3608 -2912 16564 | GYRO: 166 -427 473 | GDP=658.494
FLEX: 2415 2244 2275 2325 2320 | ACC: 3272 -3008 16604 | GYRO: 694 339 -14 | GDP=772.498
FLEX: 2428 2224 2346 2308 2372 | ACC: 2652 -3028 16744 | GYRO: 605 77 -158 | GDP=630.014
FLEX: 2431 2238 2314 2314 2305 | ACC: 2924 -2252 16352 | GYRO: 1415 501 382 | GDP=1548.919
FLEX: 2418 2264 2358 2224 2338 | ACC: 2780 -2384 16172 | GYRO: 1630 -161 579 | GDP=1737.257
FLEX: 2416 2259 2365 2314 2320 | ACC: 3512 -2096 15324 | GYRO: 1530 -419 325 | GDP=1619.286
FLEX: 2398 2267 2341 2326 2371 | ACC: 3520 -2224 15724 | GYRO: 119 -738 -273 | GDP=795.823
FLEX: 2416 2266 2351 2299 2284 | ACC: 4072 -2672 16068 | GYRO: -221 -2313 -1260 | GDP=2643.182
FLEX: 2384 2244 2354 2329 2317 | ACC: 3804 -3000 16500 | GYRO: 34 -2748 -2200 | GDP=3520.321
FLEX: 2413 2181 2336 2291 2323 | ACC: 3732 -2624 16296 | GYRO: -141 -2940 -2208 | GDP=3679.503
FLEX: 2416 2249 2306 2332 2313 | ACC: 4908 -2740 16276 | GYRO: 84 -2487 -2022 | GDP=3206.354
FLEX: 2437 2241 2294 2283 2279 | ACC: 5360 -3216 16548 | GYRO: 1082 -2248 -2156 | GDP=3297.357
FLEX: 2418 2276 2337 2304 2317 | ACC: 6344 -3300 16568 | GYRO: 1367 -1014 -2745 | GDP=3229.847
FLEX: 2439 2234 2354 2288 2343 | ACC: 7444 -3488 16416 | GYRO: 2315 -2782 -4822 | GDP=6029.132
FLEX: 2425 2287 2373 2363 2308 | ACC: 6920 -2700 15140 | GYRO: 2698 -4253 -8336 | GDP=9739.410
FLEX: 2384 2254 2327 2253 2277 | ACC: 7324 -1964 13296 | GYRO: 1232 -2198 -8810 | GDP=9163.249
FLEX: 2390 2192 2381 2363 2352 | ACC: 7488 -2352 14436 | GYRO: 393 4077 -6751 | GDP=7896.353
FLEX: 2431 2241 2245 2313 2304 | ACC: 4324 -3336 17364 | GYRO: 1551 5781 -8069 | GDP=10046.607
FLEX: 2416 2221 2337 2304 2270 | ACC: 3036 -3052 15732 | GYRO: 3202 -887 -10224 | GDP=10750.337
FLEX: 2354 2236 2306 2315 2319 | ACC: 4252 -472 11868 | GYRO: 4851 659 -8976 | GDP=10224.238
FLEX: 2448 2257 2387 2325 2307 | ACC: 3464 796 13924 | GYRO: 2576 2056 -6447 | GDP=7240.630
FLEX: 2416 2254 2338 2304 2317 | ACC: 2968 2388 15568 | GYRO: 1678 943 -7441 | GDP=7685.923
FLEX: 2416 2192 2352 2320 2326 | ACC: 3164 2924 15260 | GYRO: 964 -628 -7365 | GDP=7454.321
FLEX: 2415 2266 2362 2317 2322 | ACC: 1304 3752 17636 | GYRO: -2047 466 -5897 | GDP=6259.551
FLEX: 2429 2222 2320 2294 2315 | ACC: 4544 1744 18104 | GYRO: -1873 -2463 -2305 | GDP=3858.435
FLEX: 2423 2237 2339 2297 2320 | ACC: 1612 2880 18760 | GYRO: 2275 1225 -931 | GDP=2746.454
FLEX: 2447 2240 2361 2352 2320 | ACC: 4448 1956 15332 | GYRO: 2624 1439 457 | GDP=3027.366
FLEX: 2407 2222 2364 2319 2320 | ACC: 3376 2860 14932 | GYRO: 3294 1748 1041 | GDP=3871.643
FLEX: 2410 2225 2352 2307 2327 | ACC: 5784 2340 14812 | GYRO: 1197 1380 1815 | GDP=2575.157
FLEX: 2437 2235 2349 2278 2319 | ACC: 5420 1660 15980 | GYRO: 622 598 86 | GDP=867.112
FLEX: 2429 2206 2365 2295 2311 | ACC: 5336 1516 15828 | GYRO: -374 1871 -1434 | GDP=2386.812
FLEX: 2419 2246 2320 2311 2323 | ACC: 3700 1756 16868 | GYRO: -376 785 -1537 | GDP=1766.344
FLEX: 2416 2224 2351 2315 2325 | ACC: 2932 2144 16236 | GYRO: -693 1021 -2050 | GDP=2392.737
FLEX: 2415 2222 2375 2291 2291 | ACC: 2300 2156 16024 | GYRO: -1153 207 -1354 | GDP=1790.412
FLEX: 2416 2219 2321 2315 2330 | ACC: 2844 1720 17240 | GYRO: 2891 4530 787 | GDP=5431.220
FLEX: 2422 2240 2352 2275 2303 | ACC: 1784 1784 17152 | GYRO: 1152 -1791 -1124 | GDP=2407.937
FLEX: 2426 2242 2349 2287 2318 | ACC: 2736 2264 16008 | GYRO: 610 759 -118 | GDP=980.870
FLEX: 2419 2238 2371 2303 2310 | ACC: 2700 2084 16272 | GYRO: 982 -177 116 | GDP=1004.544
FLEX: 2423 2235 2295 2309 2320 | ACC: 3512 2000 16120 | GYRO: 1076 -703 29 | GDP=1285.623
FLEX: 2417 2226 2359 2285 2336 | ACC: 3316 2144 16108 | GYRO: 1478 -137 46 | GDP=1485.048
FLEX: 2416 2224 2361 2331 2310 | ACC: 3304 1996 15996 | GYRO: 1507 389 -61 | GDP=1557.591
FLEX: 2433 2253 2352 2320 2347 | ACC: 3284 2204 16300 | GYRO: 1023 377 -81 | GDP=1093.261
FLEX: 2416 2229 2355 2285 2314 | ACC: 2628 2528 16248 | GYRO: 1239 -361 189 | GDP=1304.286
FLEX: 2407 2231 2343 2330 2320 | ACC: 2556 2228 16620 | GYRO: 1277 -526 104 | GDP=1384.999
FLEX: 2428 2217 2305 2294 2343 | ACC: 3188 2324 16268 | GYRO: 1010 -1231 288 | GDP=1618.149
FLEX: 2438 2267 2338 2288 2324 | ACC: 3452 2560 16164 | GYRO: 694 -510 35 | GDP=861.952
FLEX: 2438 2224 2352 2302 2310 | ACC: 3648 2284 16320 | GYRO: 990 -769 368 | GDP=1306.478
FLEX: 2423 2245 2337 2320 2335 | ACC: 4284 2592 15484 | GYRO: 932 621 164 | GDP=1131.884
FLEX: 2402 2229 2359 2312 2322 | ACC: 3884 2512 15432 | GYRO: 1811 2029 -216 | GDP=2728.226
FLEX: 2431 2249 2353 2320 2302 | ACC: 3120 2772 16424 | GYRO: 2053 2235 -175 | GDP=3039.845
FLEX: 2441 2229 2315 2288 2327 | ACC: 2020 2744 16936 | GYRO: 989 1326 -153 | GDP=1661.266
FLEX: 2431 2256 2351 2281 2349 | ACC: 2384 2752 16300 | GYRO: 662 -522 148 | GDP=855.939
FLEX: 2428 2224 2326 2277 2314 | ACC: 2460 2832 16392 | GYRO: 547 -693 -66 | GDP=885.333
FLEX: 2449 2224 2347 2299 2319 | ACC: 3280 2704 16112 | GYRO: 263 -602 167 | GDP=677.836
FLEX: 2415 2242 2362 2294 2318 | ACC: 3656 2636 15680 | GYRO: 337 134 -97 | GDP=375.412
FLEX: 2427 2259 2357 2297 2309 | ACC: 3068 3036 15760 | GYRO: 763 1143 -280 | GDP=1402.504
FLEX: 2418 2211 2342 2274 2293 | ACC: 2220 2732 16972 | GYRO: 785 92 -64 | GDP=792.960
FLEX: 2430 2240 2385 2314 2320 | ACC: 2304 2768 16392 | GYRO: 220 -223 27 | GDP=314.417
FLEX: 2415 2197 2355 2293 2317 | ACC: 2984 2900 16032 | GYRO: 756 -657 40 | GDP=1002.390
FLEX: 2427 2247 2358 2302 2331 | ACC: 3172 2692 16308 | GYRO: 680 -222 117 | GDP=724.826
FLEX: 2405 2192 2320 2288 2309 | ACC: 2896 2740 16272 | GYRO: 343 -250 170 | GDP=457.219
FLEX: 2417 2241 2350 2283 2327 | ACC: 3176 2536 15944 | GYRO: 467 343 11 | GDP=579.533
FLEX: 2431 2229 2335 2299 2306 | ACC: 3072 2984 15984 | GYRO: 872 814 -192 | GDP=1208.240
FLEX: 2411 2255 2369 2320 2330 | ACC: 2660 2688 16560 | GYRO: 578 89 85 | GDP=590.957
FLEX: 2417 2237 2327 2275 2294 | ACC: 2156 2696 16344 | GYRO: 324 -209 -18 | GDP=385.981
FLEX: 2421 2247 2351 2325 2355 | ACC: 2916 2796 16040 | GYRO: 728 -366 -39 | GDP=815.758
FLEX: 2422 2245 2319 2299 2319 | ACC: 3336 2556 16204 | GYRO: 720 -37 71 | GDP=724.438
FLEX: 2431 2256 2354 2299 2317 | ACC: 2920 2676 16116 | GYRO: 490 248 55 | GDP=551.932
FLEX: 2430 2224 2327 2290 2287 | ACC: 2900 2676 16140 | GYRO: 732 242 -40 | GDP=772.003
FLEX: 2445 2178 2361 2313 2334 | ACC: 2496 2832 16400 | GYRO: 787 573 -128 | GDP=981.877
FLEX: 2423 2231 2333 2279 2297 | ACC: 2492 2652 16564 | GYRO: 422 -51 131 | GDP=444.799
FLEX: 2416 2237 2350 2309 2352 | ACC: 2648 2824 16056 | GYRO: 423 -649 88 | GDP=779.663
FLEX: 2421 2222 2339 2284 2303 | ACC: 3140 2740 15816 | GYRO: 787 -340 98 | GDP=862.886
FLEX: 2445 2235 2358 2288 2327 | ACC: 3032 2572 16464 | GYRO: 649 512 84 | GDP=830.904
FLEX: 2406 2224 2288 2301 2320 | ACC: 2892 2592 16100 | GYRO: 475 361 -1 | GDP=596.613
FLEX: 2439 2242 2344 2269 2261 | ACC: 2632 2908 15856 | GYRO: 804 558 -150 | GDP=990.091
FLEX: 2414 2208 2346 2294 2298 | ACC: 2500 2708 16596 | GYRO: 805 184 -100 | GDP=831.794
FLEX: 2437 2244 2367 2303 2311 | ACC: 2380 2636 16528 | GYRO: 382 -197 194 | GDP=471.560
FLEX: 2415 2187 2331 2255 2303 | ACC: 2628 2884 16016 | GYRO: 571 -536 30 | GDP=783.733
FLEX: 2417 2278 2355 2310 2314 | ACC: 3068 2640 16068 | GYRO: 786 -407 2 | GDP=885.127
FLEX: 2435 2237 2349 2286 2290 | ACC: 2816 2668 16396 | GYRO: 574 -83 86 | GDP=586.311
FLEX: 2418 2224 2352 2386 2325 | ACC: 3012 2636 16056 | GYRO: 502 90 24 | GDP=510.568
FLEX: 2423 2226 2346 2301 2325 | ACC: 2708 2752 16164 | GYRO: 861 283 -161 | GDP=920.506
FLEX: 2423 2256 2307 2294 2314 | ACC: 2480 2696 16584 | GYRO: 611 459 -67 | GDP=767.132
FLEX: 2416 2215 2350 2287 2317 | ACC: 2524 2644 16364 | GYRO: 350 30 184 | GDP=396.555
FLEX: 2432 2229 2350 2315 2333 | ACC: 2744 2816 16044 | GYRO: 559 -279 -45 | GDP=626.376
FLEX: 2413 2217 2349 2294 2294 | ACC: 2980 2784 16112 | GYRO: 691 -172 -1 | GDP=712.086
FLEX: 2419 2240 2306 2306 2320 | ACC: 3052 2520 16332 | GYRO: 446 91 76 | GDP=461.490
FLEX: 2416 2221 2327 2298 2306 | ACC: 2712 2592 15976 | GYRO: 583 283 -21 | GDP=648.397
FLEX: 2432 2254 2379 2304 2332 | ACC: 2672 2720 16304 | GYRO: 819 227 -114 | GDP=857.488
FLEX: 2427 2225 2335 2294 2311 | ACC: 2284 2760 16464 | GYRO: 615 158 -17 | GDP=635.199
FLEX: 2427 2263 2342 2320 2311 | ACC: 2320 2596 16468 | GYRO: 465 -230 103 | GDP=528.899
FLEX: 2420 2208 2347 2299 2308 | ACC: 2740 2788 16028 | GYRO: 800 -504 44 | GDP=946.547
FLEX: 2420 2233 2343 2322 2345 | ACC: 3188 2556 16124 | GYRO: 831 -117 138 | GDP=850.467
FLEX: 2418 2241 2359 2275 2305 | ACC: 2940 2520 16272 | GYRO: 523 120 48 | GDP=538.733
FLEX: 2431 2242 2334 2320 2338 | ACC: 2568 2692 16152 | GYRO: 657 310 -70 | GDP=729.828
FLEX: 2430 2237 2352 2304 2315 | ACC: 3052 2820 16024 | GYRO: 687 217 -134 | GDP=732.812
FLEX: 2470 2178 2342 2305 2327 | ACC: 2192 2764 16600 | GYRO: 687 36 -27 | GDP=688.472
FLEX: 2416 2239 2339 2255 2306 | ACC: 2128 2536 16568 | GYRO: 453 -152 50 | GDP=480.430
FLEX: 2427 2231 2339 2309 2353 | ACC: 2768 2776 16056 | GYRO: 737 -559 57 | GDP=926.768
FLEX: 2437 2205 2328 2266 2299 | ACC: 3040 2656 16196 | GYRO: 747 -89 207 | GDP=780.243
FLEX: 2419 2257 2357 2320 2337 | ACC: 2888 2600 16372 | GYRO: 569 -116 91 | GDP=587.791
FLEX: 2431 2216 2336 2290 2304 | ACC: 2800 2624 16164 | GYRO: 672 385 -79 | GDP=778.492
FLEX: 2423 2225 2347 2337 2321 | ACC: 2772 2884 16132 | GYRO: 771 498 -138 | GDP=928.164
FLEX: 2399 2223 2375 2290 2304 | ACC: 2224 2668 16584 | GYRO: 590 -326 77 | GDP=678.458
FLEX: 2429 2245 2352 2317 2327 | ACC: 2336 2712 16400 | GYRO: 493 -731 128 | GDP=890.951
FLEX: 2425 2214 2346 2290 2303 | ACC: 3144 2796 15704 | GYRO: 738 -194 23 | GDP=763.419
FLEX: 2422 2235 2346 2317 2320 | ACC: 3120 2532 16356 | GYRO: 740 69 157 | GDP=759.612
FLEX: 2438 2226 2337 2288 2315 | ACC: 2872 2604 16272 | GYRO: 492 34 113 | GDP=505.954
FLEX: 2453 2229 2361 2309 2306 | ACC: 3020 2552 16004 | GYRO: 677 609 -123 | GDP=918.879
FLEX: 2415 2224 2323 2284 2286 | ACC: 2772 2780 16264 | GYRO: 752 820 -163 | GDP=1124.488
FLEX: 2427 2222 2336 2351 2322 | ACC: 2080 2640 16712 | GYRO: 489 -58 87 | GDP=500.054
FLEX: 2417 2244 2307 2251 2335 | ACC: 2304 2708 16328 | GYRO: 493 -866 48 | GDP=997.652
FLEX: 2433 2243 2383 2347 2353 | ACC: 3156 2724 15948 | GYRO: 735 -582 -6 | GDP=937.542
FLEX: 2417 2173 2378 2265 2294 | ACC: 3288 2512 16356 | GYRO: 641 -15 21 | GDP=641.519
FLEX: 2458 2247 2367 2317 2343 | ACC: 2732 2732 16172 | GYRO: 520 234 51 | GDP=572.501
FLEX: 2479 2234 2302 2294 2294 | ACC: 2888 2708 16048 | GYRO: 693 399 -114 | GDP=807.741
FLEX: 2419 2246 2379 2273 2305 | ACC: 2952 2676 16372 | GYRO: 563 689 -130 | GDP=899.216
FLEX: 2427 2144 2351 2271 2326 | ACC: 2252 2648 16604 | GYRO: 473 -201 -21 | GDP=514.365
FLEX: 2449 2194 2337 2346 2310 | ACC: 2536 2732 16084 | GYRO: 479 -497 -191 | GDP=716.192
FLEX: 2382 2218 2326 2236 2347 | ACC: 2532 2808 16316 | GYRO: 771 -123 18 | GDP=780.957
FLEX: 2459 2262 2320 2319 2314 | ACC: 3188 2500 16280 | GYRO: 630 64 20 | GDP=633.558
FLEX: 2400 2167 2354 2265 2316 | ACC: 2812 2684 16096 | GYRO: 570 119 7 | GDP=582.332
FLEX: 2415 2249 2316 2301 2353 | ACC: 2640 2680 16144 | GYRO: 806 299 -188 | GDP=879.989
FLEX: 2426 2246 2283 2295 2306 | ACC: 2436 2736 16600 | GYRO: 754 32 -75 | GDP=758.396
FLEX: 2430 2212 2430 2320 2308 | ACC: 2496 2624 16248 | GYRO: 540 -288 89 | GDP=618.438
FLEX: 2445 2286 2366 2309 2327 | ACC: 2912 2752 15960 | GYRO: 645 -501 41 | GDP=817.745
FLEX: 2407 2192 2352 2318 2339 | ACC: 3096 2692 16188 | GYRO: 717 73 5 | GDP=720.724
FLEX: 2430 2273 2350 2226 2303 | ACC: 2828 2496 16540 | GYRO: 528 -15 65 | GDP=532.197
FLEX: 2384 2241 2297 2318 2298 | ACC: 2668 2668 16208 | GYRO: 569 213 -6 | GDP=607.590
FLEX: 2466 2269 2303 2319 2313 | ACC: 3024 2752 16056 | GYRO: 772 312 -174 | GDP=850.649
FLEX: 2388 2270 2330 2303 2325 | ACC: 2168 2624 16680 | GYRO: 628 -173 -41 | GDP=652.682
FLEX: 2426 2241 2327 2301 2316 | ACC: 2404 2512 16372 | GYRO: 424 -148 111 | GDP=462.602
FLEX: 2413 2227 2335 2339 2339 | ACC: 3000 2736 16036 | GYRO: 630 -451 17 | GDP=774.977
FLEX: 2427 2224 2320 2299 2299 | ACC: 3216 2704 16072 | GYRO: 690 285 117 | GDP=755.655
FLEX: 2419 2225 2345 2323 2330 | ACC: 2908 2524 16404 | GYRO: 596 35 32 | GDP=597.884
FLEX: 2417 2227 2377 2288 2333 | ACC: 2528 2544 16264 | GYRO: 660 266 -57 | GDP=713.866
FLEX: 2427 2229 2313 2295 2319 | ACC: 3056 2744 15988 | GYRO: 694 379 -192 | GDP=813.720
FLEX: 2428 2256 2351 2274 2313 | ACC: 2320 2592 16616 | GYRO: 630 -87 15 | GDP=636.156
FLEX: 2441 2219 2331 2306 2320 | ACC: 2444 2636 16332 | GYRO: 499 7 71 | GDP=504.074
FLEX: 2406 2240 2365 2278 2313 | ACC: 2840 2692 16164 | GYRO: 717 -354 -10 | GDP=799.691
FLEX: 2413 2240 2323 2306 2320 | ACC: 3160 2644 16144 | GYRO: 657 -54 18 | GDP=659.461
FLEX: 2423 2224 2355 2314 2304 | ACC: 2988 2552 16228 | GYRO: 481 238 45 | GDP=538.544
FLEX: 2422 2193 2347 2294 2297 | ACC: 2960 2492 16136 | GYRO: 389 483 -199 | GDP=651.315
FLEX: 2438 2265 2347 2291 2320 | ACC: 3696 2504 16560 | GYRO: 237 -138 -434 | GDP=513.390
FLEX: 2432 2209 2365 2306 2327 | ACC: 3264 2484 16292 | GYRO: 2 -1032 -1581 | GDP=1888.012
FLEX: 2417 2249 2354 2304 2299 | ACC: 3900 1840 16120 | GYRO: -885 -88 -2459 | GDP=2614.890
FLEX: 2398 2183 2343 2308 2319 | ACC: 2908 2840 16108 | GYRO: 184 -818 -3079 | GDP=3191.116
FLEX: 2426 2225 2333 2295 2306 | ACC: 1364 3120 15520 | GYRO: 49 1528 -1829 | GDP=2383.784
FLEX: 2420 2282 2320 2320 2322 | ACC: 412 2608 17048 | GYRO: 990 2781 -165 | GDP=2956.567
FLEX: 2415 2246 2341 2304 2317 | ACC: 972 2104 17676 | GYRO: 916 -598 187 | GDP=1109.788
FLEX: 2417 2214 2317 2310 2323 | ACC: 3128 2552 16056 | GYRO: 2 -1522 383 | GDP=1569.451
FLEX: 2431 2225 2363 2262 2311 | ACC: 3536 2308 15792 | GYRO: 410 -404 68 | GDP=579.603
FLEX: 2400 2235 2326 2271 2320 | ACC: 3136 2088 16316 | GYRO: 502 902 -337 | GDP=1085.899
FLEX: 2416 2215 2345 2299 2320 | ACC: 3240 2296 15932 | GYRO: 628 267 -884 | GDP=1116.749
FLEX: 2393 2224 2352 2314 2323 | ACC: 2532 2384 16264 | GYRO: 537 819 -1044 | GDP=1431.456
FLEX: 2390 2240 2346 2344 2343 | ACC: 2004 2100 17320 | GYRO: 418 -51 -1313 | GDP=1378.874
FLEX: 2416 2226 2327 2291 2305 | ACC: 2028 2644 16276 | GYRO: -104 -985 -1894 | GDP=2137.353
FLEX: 2429 2266 2343 2295 2338 | ACC: 2212 2324 15744 | GYRO: 118 -258 -1296 | GDP=1326.689
FLEX: 2423 2252 2335 2295 2302 | ACC: 2320 2316 15544 | GYRO: 690 900 -1169 | GDP=1628.699
FLEX: 2416 2239 2355 2290 2314 | ACC: 1424 2528 16516 | GYRO: 929 1999 -906 | GDP=2383.250
FLEX: 2407 2220 2331 2289 2293 | ACC: 1536 2420 16800 | GYRO: 1106 323 -610 | GDP=1303.712
FLEX: 2420 2234 2376 2302 2339 | ACC: 1640 2492 16508 | GYRO: 1009 -41 -373 | GDP=1076.518
FLEX: 2415 2243 2322 2307 2313 | ACC: 1920 2408 16700 | GYRO: 973 -768 104 | GDP=1243.933
FLEX: 2421 2244 2367 2310 2354 | ACC: 2660 2448 16120 | GYRO: 531 -148 285 | GDP=620.556
FLEX: 2420 2217 2345 2308 2324 | ACC: 2560 2300 16172 | GYRO: 526 168 339 | GDP=647.936
FLEX: 2422 2253 2343 2302 2307 | ACC: 1916 2736 16500 | GYRO: 648 855 129 | GDP=1080.542
FLEX: 2421 2222 2351 2289 2314 | ACC: 1800 2612 16488 | GYRO: 698 674 -24 | GDP=970.596
FLEX: 2429 2239 2354 2310 2320 | ACC: 1760 2396 16584 | GYRO: 548 -509 209 | GDP=776.573
FLEX: 2416 2202 2321 2298 2310 | ACC: 2084 2300 16448 | GYRO: 449 -952 249 | GDP=1081.622
FLEX: 2436 2225 2346 2301 2326 | ACC: 2312 2540 16096 | GYRO: 467 -1303 66 | GDP=1385.732
FLEX: 2398 2212 2329 2293 2315 | ACC: 2544 2300 16448 | GYRO: 521 -639 96 | GDP=830.047
FLEX: 2426 2224 2330 2301 2340 | ACC: 2564 2392 16232 | GYRO: 588 -417 26 | GDP=721.324
FLEX: 2416 2205 2301 2289 2313 | ACC: 2800 2540 16072 | GYRO: 640 426 -105 | GDP=775.952
FLEX: 2435 2239 2338 2281 2336 | ACC: 2388 2396 16360 | GYRO: 728 292 -68 | GDP=787.320
FLEX: 2416 2234 2345 2263 2307 | ACC: 1912 2304 16656 | GYRO: 660 -294 14 | GDP=722.656
FLEX: 2421 2256 2337 2314 2335 | ACC: 2340 2468 16108 | GYRO: 785 -194 -110 | GDP=816.064
FLEX: 2403 2248 2345 2286 2298 | ACC: 2456 2432 16368 | GYRO: 1042 -220 -33 | GDP=1065.483
FLEX: 2416 2244 2349 2307 2320 | ACC: 2008 2424 16692 | GYRO: 830 -922 125 | GDP=1246.840
FLEX: 2405 2239 2337 2267 2317 | ACC: 2504 2532 16260 | GYRO: 503 -844 -8 | GDP=982.552
FLEX: 2441 2234 2398 2311 2311 | ACC: 3148 2484 15848 | GYRO: 736 -533 240 | GDP=939.886
FLEX: 2402 2242 2325 2289 2311 | ACC: 2684 2524 16432 | GYRO: 773 -216 27 | GDP=803.065
FLEX: 2419 2246 2343 2295 2320 | ACC: 2660 2412 16432 | GYRO: 509 -159 7 | GDP=533.302
FLEX: 2416 2211 2347 2299 2319 | ACC: 2680 2572 16288 | GYRO: 610 -296 60 | GDP=680.673
FLEX: 2443 2269 2352 2323 2327 | ACC: 2868 2336 16400 | GYRO: 586 -56 147 | GDP=606.746
FLEX: 2415 2217 2315 2307 2314 | ACC: 2900 2364 16164 | GYRO: 557 -132 163 | GDP=595.182
FLEX: 2416 2258 2368 2315 2335 | ACC: 2984 2376 16032 | GYRO: 551 353 -5 | GDP=654.397
FLEX: 2413 2224 2324 2270 2306 | ACC: 2644 2532 16184 | GYRO: 680 550 -145 | GDP=886.524
FLEX: 2448 2223 2359 2317 2333 | ACC: 2308 2436 16600 | GYRO: 664 -75 -24 | GDP=668.653
FLEX: 2387 2271 2341 2285 2318 | ACC: 2244 2412 16416 | GYRO: 626 -354 16 | GDP=719.339
FLEX: 2419 2247 2355 2346 2259 | ACC: 2688 2592 16056 | GYRO: 672 -43 149 | GDP=689.662
FLEX: 2418 2233 2313 2291 2329 | ACC: 2600 2492 16484 | GYRO: 799 -43 301 | GDP=854.898
FLEX: 2430 2238 2346 2335 2320 | ACC: 3036 2312 16352 | GYRO: 504 -474 242 | GDP=732.977
FLEX: 2407 2223 2345 2289 2306 | ACC: 3212 2260 15996 | GYRO: 578 95 -16 | GDP=585.974
FLEX: 2461 2245 2355 2279 2306 | ACC: 2824 2492 16264 | GYRO: 732 503 -142 | GDP=899.443
FLEX: 2414 2219 2323 2318 2305 | ACC: 2200 2508 16636 | GYRO: 481 36 -45 | GDP=484.440
FLEX: 2439 2256 2342 2320 2334 | ACC: 2612 2432 16156 | GYRO: 542 -460 42 | GDP=712.129
FLEX: 2432 2218 2353 2268 2320 | ACC: 3116 2432 16072 | GYRO: 597 -206 -90 | GDP=637.922
FLEX: 2427 2233 2317 2323 2331 | ACC: 2832 2472 16440 | GYRO: 590 591 -38 | GDP=835.958
FLEX: 2407 2226 2341 2288 2323 | ACC: 2644 2428 16200 | GYRO: 541 240 83 | GDP=597.637
FLEX: 2429 2286 2351 2330 2319 | ACC: 2784 2332 16148 | GYRO: 627 278 -62 | GDP=688.663
FLEX: 2428 2221 2306 2288 2311 | ACC: 2672 2568 16228 | GYRO: 689 334 -113 | GDP=773.981
FLEX: 2434 2240 2351 2316 2318 | ACC: 2456 2392 16536 | GYRO: 523 -344 48 | GDP=627.829
FLEX: 2432 2211 2350 2287 2326 | ACC: 2444 2400 16300 | GYRO: 513 -341 64 | GDP=619.311
FLEX: 2427 2243 2340 2331 2311 | ACC: 2976 2472 16112 | GYRO: 768 -115 -4 | GDP=776.573
FLEX: 2414 2214 2327 2257 2304 | ACC: 2848 2448 16356 | GYRO: 634 310 36 | GDP=706.648
FLEX: 2439 2239 2357 2286 2347 | ACC: 2556 2408 16340 | GYRO: 501 -90 130 | GDP=525.358
FLEX: 2415 2214 2339 2293 2309 | ACC: 2744 2380 16100 | GYRO: 746 21 -50 | GDP=747.969
FLEX: 2414 2228 2349 2317 2346 | ACC: 3016 2600 16032 | GYRO: 726 191 -149 | GDP=765.348
FLEX: 2418 2198 2345 2280 2336 | ACC: 2368 2448 16764 | GYRO: 619 -320 42 | GDP=698.087
FLEX: 2447 2240 2320 2298 2314 | ACC: 2440 2348 16316 | GYRO: 492 -179 85 | GDP=530.406
FLEX: 2427 2230 2320 2256 2321 | ACC: 3056 2468 16024 | GYRO: 779 -52 -6 | GDP=780.757
FLEX: 2432 2247 2334 2323 2320 | ACC: 2636 2396 16616 | GYRO: 670 292 25 | GDP=731.293
FLEX: 2434 2222 2320 2274 2309 | ACC: 2568 2412 16328 | GYRO: 456 8 76 | GDP=462.359
FLEX: 2438 2234 2354 2313 2351 | ACC: 2740 2252 16196 | GYRO: 626 -43 -25 | GDP=627.973
FLEX: 2405 2206 2337 2284 2282 | ACC: 2928 2576 16008 | GYRO: 591 451 -227 | GDP=777.310
FLEX: 2437 2230 2369 2317 2330 | ACC: 2324 2364 16816 | GYRO: 613 -269 69 | GDP=672.972
FLEX: 2415 2224 2337 2282 2321 | ACC: 2212 2348 16432 | GYRO: 591 -428 7 | GDP=729.736
FLEX: 2420 2253 2319 2322 2355 | ACC: 3116 2504 15872 | GYRO: 657 -3 -7 | GDP=657.044
FLEX: 2417 2235 2349 2287 2303 | ACC: 2932 2404 16336 | GYRO: 753 215 88 | GDP=788.022
FLEX: 2417 2239 2338 2319 2330 | ACC: 2660 2396 16248 | GYRO: 433 110 111 | GDP=460.337
FLEX: 2416 2224 2318 2279 2282 | ACC: 2764 2372 16128 | GYRO: 685 75 -32 | GDP=689.836
FLEX: 2432 2224 2336 2300 2307 | ACC: 2712 2516 16320 | GYRO: 683 252 -77 | GDP=732.067
FLEX: 2405 2223 2352 2288 2323 | ACC: 2536 2424 16424 | GYRO: 539 -51 41 | GDP=542.958
FLEX: 2416 2240 2366 2340 2304 | ACC: 2408 2360 16316 | GYRO: 710 -235 -23 | GDP=748.234
FLEX: 2418 2221 2330 2278 2291 | ACC: 2728 2564 16080 | GYRO: 703 -107 -59 | GDP=713.540
FLEX: 2426 2229 2349 2325 2321 | ACC: 2612 2408 16504 | GYRO: 752 -10 142 | GDP=765.355
FLEX: 2432 2219 2321 2262 2320 | ACC: 2852 2388 16128 | GYRO: 455 -72 120 | GDP=476.035
FLEX: 2423 2231 2336 2308 2320 | ACC: 2564 2464 16112 | GYRO: 734 78 -48 | GDP=739.692
FLEX: 2425 2229 2342 2275 2297 | ACC: 2516 2432 16544 | GYRO: 720 304 199 | GDP=806.484
FLEX: 2437 2227 2337 2314 2327 | ACC: 2324 2420 16332 | GYRO: 467 -592 155 | GDP=769.791
FLEX: 2419 2224 2326 2269 2309 | ACC: 2948 2384 15988 | GYRO: 549 -70 161 | GDP=576.387
FLEX: 2412 2229 2343 2308 2331 | ACC: 2996 2436 16348 | GYRO: 748 389 -37 | GDP=843.916
FLEX: 2406 2231 2343 2277 2315 | ACC: 2764 2468 16408 | GYRO: 562 90 66 | GDP=572.975
FLEX: 2432 2234 2317 2315 2320 | ACC: 2712 2356 16104 | GYRO: 415 -130 96 | GDP=445.355
FLEX: 2411 2224 2335 2275 2304 | ACC: 2680 2460 16172 | GYRO: 766 252 -92 | GDP=811.618
FLEX: 2423 2231 2352 2333 2321 | ACC: 2132 2456 16712 | GYRO: 632 139 -49 | GDP=648.958
FLEX: 2420 2219 2334 2297 2290 | ACC: 2740 2196 16316 | GYRO: 474 -632 197 | GDP=814.192
FLEX: 2410 2231 2334 2342 2320 | ACC: 2980 2448 15960 | GYRO: 659 -214 -62 | GDP=695.644
FLEX: 2423 2234 2337 2302 2274 | ACC: 2904 2512 16208 | GYRO: 754 350 -97 | GDP=836.914
FLEX: 2431 2252 2324 2343 2332 | ACC: 2696 2260 16488 | GYRO: 508 -36 97 | GDP=518.429
FLEX: 2446 2201 2335 2261 2308 | ACC: 2680 2376 16016 | GYRO: 488 151 26 | GDP=511.489
FLEX: 2427 2240 2351 2288 2332 | ACC: 2692 2372 16308 | GYRO: 679 164 -117 | GDP=708.256
FLEX: 2433 2242 2288 2242 2301 | ACC: 2312 2408 16488 | GYRO: 539 -195 -20 | GDP=573.538
FLEX: 2446 2255 2353 2351 2310 | ACC: 2640 2448 16196 | GYRO: 644 -390 -63 | GDP=755.516
FLEX: 2416 2211 2375 2258 2281 | ACC: 3060 2420 16128 | GYRO: 777 -22 -74 | GDP=780.826
FLEX: 2441 2166 2345 2276 2320 | ACC: 2588 2332 16680 | GYRO: 613 172 9 | GDP=636.737
FLEX: 2447 2209 2334 2241 2318 | ACC: 2884 2184 16196 | GYRO: 359 0 145 | GDP=387.177
FLEX: 2440 2256 2341 2300 2321 | ACC: 2824 2460 15948 | GYRO: 704 334 -137 | GDP=791.164
FLEX: 2434 2192 2341 2253 2270 | ACC: 2160 2364 16632 | GYRO: 720 237 -112 | GDP=766.233
FLEX: 2433 2250 2350 2326 2306 | ACC: 2432 2320 16504 | GYRO: 457 29 122 | GDP=473.892
FLEX: 2403 2245 2320 2299 2321 | ACC: 3016 2488 16056 | GYRO: 655 -282 7 | GDP=713.161
FLEX: 2384 2246 2290 2367 2315 | ACC: 2904 2336 16208 | GYRO: 643 131 67 | GDP=659.620
FLEX: 2393 2263 2351 2288 2312 | ACC: 2476 2220 16484 | GYRO: 508 -19 63 | GDP=512.244
FLEX: 2465 2192 2363 2338 2307 | ACC: 2676 2336 16172 | GYRO: 511 -114 70 | GDP=528.221
FLEX: 2402 2256 2359 2293 2315 | ACC: 3100 2416 15984 | GYRO: 688 -148 -38 | GDP=704.764
FLEX: 2398 2234 2345 2306 2367 | ACC: 2208 2296 16496 | GYRO: 674 116 -60 | GDP=686.536
FLEX: 2411 2270 2358 2396 2307 | ACC: 2456 2292 16504 | GYRO: 649 136 27 | GDP=663.646
FLEX: 2413 2225 2386 2266 2321 | ACC: 3044 2456 15988 | GYRO: 644 -38 57 | GDP=647.633
FLEX: 2384 2256 2321 2306 2304 | ACC: 2764 2440 16420 | GYRO: 583 -64 189 | GDP=616.203
FLEX: 2416 2201 2339 2320 2317 | ACC: 2764 2216 16316 | GYRO: 585 -72 65 | GDP=592.987
FLEX: 2430 2230 2411 2285 2335 | ACC: 2916 2192 16096 | GYRO: 625 270 -59 | GDP=683.378
FLEX: 2451 2179 2328 2320 2316 | ACC: 2680 2392 16316 | GYRO: 650 1006 -103 | GDP=1202.142
FLEX: 2385 2227 2345 2299 2295 | ACC: 2600 2412 16396 | GYRO: 605 -367 58 | GDP=709.984
FLEX: 2423 2256 2359 2331 2333 | ACC: 2540 2304 16148 | GYRO: 627 -943 14 | GDP=1132.508
FLEX: 2417 2220 2336 2287 2326 | ACC: 2728 2256 16384 | GYRO: 718 -107 -46 | GDP=727.385
FLEX: 2430 2240 2319 2311 2286 | ACC: 2832 2500 16396 | GYRO: 593 378 3 | GDP=703.237
FLEX: 2432 2256 2354 2330 2353 | ACC: 2592 2472 16240 | GYRO: 622 -90 124 | GDP=640.593
FLEX: 2431 2234 2333 2291 2317 | ACC: 2664 2256 16192 | GYRO: 650 -202 -36 | GDP=681.616
FLEX: 2427 2224 2346 2281 2349 | ACC: 2676 2436 16328 | GYRO: 704 285 -94 | GDP=765.295
FLEX: 2425 2217 2330 2291 2320 | ACC: 2492 2400 16456 | GYRO: 608 -91 -8 | GDP=614.824
FLEX: 2423 2224 2325 2283 2318 | ACC: 2716 2368 16168 | GYRO: 690 -479 37 | GDP=840.779
FLEX: 2410 2208 2340 2282 2337 | ACC: 2804 2368 16292 | GYRO: 722 257 120 | GDP=775.715
FLEX: 2416 2224 2365 2295 2309 | ACC: 2764 2316 16452 | GYRO: 530 24 -3 | GDP=530.552
FLEX: 2435 2208 2342 2322 2326 | ACC: 2772 2296 16124 | GYRO: 524 82 16 | GDP=530.619
FLEX: 2406 2255 2326 2288 2295 | ACC: 2788 2276 16304 | GYRO: 708 92 -67 | GDP=717.089
FLEX: 2419 2231 2350 2288 2314 | ACC: 2304 2252 16644 | GYRO: 737 668 -137 | GDP=1004.073
FLEX: 2418 2244 2333 2270 2309 | ACC: 2376 2260 16364 | GYRO: 541 28 -32 | GDP=542.668
FLEX: 2426 2205 2350 2303 2302 | ACC: 2900 2484 15928 | GYRO: 768 -1059 47 | GDP=1309.013
FLEX: 2435 2237 2352 2283 2344 | ACC: 2648 2268 16512 | GYRO: 787 750 197 | GDP=1104.843
FLEX: 2427 2225 2353 2262 2305 | ACC: 2916 2384 16248 | GYRO: 479 123 53 | GDP=497.372
FLEX: 2438 2238 2339 2288 2323 | ACC: 2824 2396 16000 | GYRO: 586 296 83 | GDP=661.741
FLEX: 2406 2192 2334 2309 2318 | ACC: 2636 2496 16184 | GYRO: 610 243 -106 | GDP=665.120
FLEX: 2409 2225 2336 2297 2328 | ACC: 1912 2336 16664 | GYRO: 577 -334 -17 | GDP=666.914
FLEX: 2416 2223 2320 2288 2305 | ACC: 2412 2252 16616 | GYRO: 648 -101 50 | GDP=657.727
FLEX: 2423 2227 2332 2313 2332 | ACC: 3308 2468 15876 | GYRO: 712 193 -88 | GDP=742.925
FLEX: 2416 2219 2336 2297 2323 | ACC: 2860 2436 16152 | GYRO: 783 479 -91 | GDP=922.394
FLEX: 2423 2215 2347 2292 2316 | ACC: 1948 2252 16592 | GYRO: 672 253 8 | GDP=718.093
FLEX: 2415 2213 2297 2292 2325 | ACC: 2396 2300 16284 | GYRO: 619 103 -50 | GDP=629.500
FLEX: 2422 2224 2335 2304 2322 | ACC: 2768 2412 16192 | GYRO: 608 405 -118 | GDP=740.009
FLEX: 2443 2235 2335 2287 2318 | ACC: 2176 2492 16496 | GYRO: 475 -293 48 | GDP=560.159
FLEX: 2412 2224 2340 2311 2314 | ACC: 2344 2360 16376 | GYRO: 530 -701 13 | GDP=878.903
FLEX: 2438 2259 2334 2304 2320 | ACC: 3060 2372 16120 | GYRO: 571 50 -125 | GDP=586.657
FLEX: 2441 2237 2342 2308 2317 | ACC: 2604 2460 16296 | GYRO: 640 137 36 | GDP=655.488
FLEX: 2418 2224 2315 2320 2322 | ACC: 2560 2336 16268 | GYRO: 538 180 27 | GDP=567.955
FLEX: 2407 2227 2352 2273 2274 | ACC: 2552 2396 16220 | GYRO: 728 -109 -60 | GDP=738.556
FLEX: 2409 2192 2334 2274 2295 | ACC: 1980 2404 16580 | GYRO: 553 -230 -93 | GDP=606.101
FLEX: 2449 2239 2338 2308 2320 | ACC: 2376 2280 16420 | GYRO: 556 -197 59 | GDP=592.812
FLEX: 2395 2233 2305 2258 2339 | ACC: 3112 2388 16124 | GYRO: 681 -80 -61 | GDP=688.391
FLEX: 2429 2240 2335 2318 2320 | ACC: 2760 2456 16108 | GYRO: 621 177 -29 | GDP=646.383
FLEX: 2406 2224 2288 2256 2309 | ACC: 2156 2264 16516 | GYRO: 577 142 82 | GDP=599.847
FLEX: 2445 2254 2353 2316 2320 | ACC: 2608 2268 16216 | GYRO: 563 61 73 | GDP=570.981
FLEX: 2431 2226 2337 2306 2320 | ACC: 2856 2516 16088 | GYRO: 680 213 -10 | GDP=712.649
FLEX: 2417 2237 2369 2288 2329 | ACC: 2020 2268 16664 | GYRO: 650 -368 0 | GDP=746.943
FLEX: 2417 2224 2327 2287 2298 | ACC: 2164 2296 16392 | GYRO: 627 -398 -49 | GDP=744.267
FLEX: 2442 2225 2335 2279 2355 | ACC: 3016 2340 16092 | GYRO: 699 -221 -36 | GDP=733.988
FLEX: 2422 2239 2323 2269 2319 | ACC: 2856 2340 16396 | GYRO: 645 11 26 | GDP=645.618
FLEX: 2446 2231 2335 2291 2329 | ACC: 3108 2052 16472 | GYRO: 423 250 -30 | GDP=492.269
FLEX: 2420 2222 2335 2275 2317 | ACC: 4484 1388 16716 | GYRO: 274 -708 -1161 | GDP=1387.177
FLEX: 2416 2240 2352 2306 2319 | ACC: 4568 1676 16592 | GYRO: 1460 430 -3077 | GDP=3432.846
FLEX: 2430 2222 2329 2298 2305 | ACC: 3664 1700 17076 | GYRO: 1821 702 -4207 | GDP=4637.639
FLEX: 2422 2251 2353 2317 2363 | ACC: 3404 2100 16408 | GYRO: 2737 -43 -5564 | GDP=6200.896
FLEX: 2427 2225 2335 2258 2317 | ACC: 2016 2856 15904 | GYRO: 2950 1744 -5396 | GDP=6392.250
FLEX: 2447 2237 2345 2305 2352 | ACC: 408 2988 15532 | GYRO: 2395 936 -4912 | GDP=5544.354
FLEX: 2415 2192 2334 2252 2330 | ACC: 456 4036 15348 | GYRO: 1017 810 -3347 | GDP=3590.654
FLEX: 2415 2244 2359 2324 2373 | ACC: -212 4116 15692 | GYRO: 1141 1413 -2308 | GDP=2936.888
FLEX: 2401 2214 2326 2282 2304 | ACC: -612 5280 15868 | GYRO: -258 1378 -1066 | GDP=1761.194
FLEX: 2419 2264 2384 2304 2338 | ACC: 300 4028 16596 | GYRO: -228 -565 34 | GDP=610.217
FLEX: 2418 2210 2320 2249 2320 | ACC: 460 3476 16756 | GYRO: 391 -203 444 | GDP=625.481
FLEX: 2432 2240 2346 2347 2320 | ACC: 1176 3420 16584 | GYRO: 645 17 671 | GDP=930.889
FLEX: 2413 2192 2317 2288 2289 | ACC: 1800 3176 16332 | GYRO: 928 184 328 | GDP=1001.311
