# label=T
# timestamp=1765872666.7150803
# format: FLEX: f1 f2 f3 f4 f5 | ACC: ax ay az | GYRO: gx gy gz | GDP=val
FLEX: 2235 2976 2671 2906 3130 | ACC: -5088 13200 -9768 | GYRO: 849 -75 99 | GDP=858.037
FLEX: 2156 2983 2789 2896 2958 | ACC: -4760 12668 -9608 | GYRO: 90 -585 15 | GDP=592.073
FLEX: 2253 2971 2786 3030 2941 | ACC: -4712 12232 -9024 | GYRO: 289 -204 63 | GDP=359.313
FLEX: 2155 3036 2783 2890 2960 | ACC: -5092 12796 -8860 | GYRO: -896 -301 39 | GDP=946.012
FLEX: 2256 2997 2787 2908 2928 | ACC: -4728 12744 -9164 | GYRO: 289 -101 239 | GDP=388.385
FLEX: 2162 2995 2821 2908 2951 | ACC: -4488 13168 -8840 | GYRO: -32 -47 274 | GDP=279.837
FLEX: 2256 2982 2766 2900 2939 | ACC: -4184 12812 -9012 | GYRO: -175 -804 -383 | GDP=907.596
FLEX: 2145 2975 2791 2919 2966 | ACC: -4452 12724 -8420 | GYRO: -258 -976 -692 | GDP=1223.930
FLEX: 2245 2967 2737 2937 2825 | ACC: -5076 12600 -8352 | GYRO: -32 -755 -746 | GDP=1061.869
FLEX: 2131 2986 2761 2894 2933 | ACC: -5060 12780 -8188 | GYRO: 243 -41 -559 | GDP=610.910
FLEX: 2253 2977 2923 2915 2921 | ACC: -5440 13600 -8672 | GYRO: 276 120 -642 | GDP=709.042
FLEX: 2167 2962 2768 2911 2963 | ACC: -5400 13224 -8864 | GYRO: -131 -308 -273 | GDP=431.919
FLEX: 2228 2975 2797 2879 2926 | ACC: -5520 12840 -8224 | GYRO: -306 -57 -61 | GDP=317.184
FLEX: 2183 2977 2781 2886 2929 | ACC: -5372 12712 -7900 | GYRO: 401 70 379 | GDP=556.185
FLEX: 2246 2950 2799 2781 2933 | ACC: -5316 12812 -7608 | GYRO: 542 619 512 | GDP=969.056
FLEX: 2163 2992 2770 2896 2959 | ACC: -5100 13040 -7916 | GYRO: 662 -128 -241 | GDP=716.037
FLEX: 2251 2987 2777 2886 2949 | ACC: -5308 13000 -7600 | GYRO: 414 -59 -47 | GDP=420.816
FLEX: 2166 2976 2805 2875 2946 | ACC: -4912 13048 -8116 | GYRO: 811 405 54 | GDP=908.109
FLEX: 2228 2976 2779 2899 2944 | ACC: -5172 13080 -8304 | GYRO: 946 328 85 | GDP=1004.851
FLEX: 2160 2974 2789 2890 2903 | ACC: -5168 12944 -8124 | GYRO: 964 -26 -107 | GDP=970.268
FLEX: 2237 2992 2777 2861 2965 | ACC: -5080 13080 -8772 | GYRO: 775 134 -84 | GDP=790.972
FLEX: 2153 2973 2768 2863 2928 | ACC: -5508 13068 -8268 | GYRO: 216 -318 -124 | GDP=403.926
FLEX: 2225 2976 2800 2895 2928 | ACC: -5356 13140 -8000 | GYRO: 156 189 122 | GDP=273.754
FLEX: 2161 2966 2752 2896 2935 | ACC: -5160 13232 -8084 | GYRO: 374 -3 207 | GDP=427.474
FLEX: 2224 2950 2682 2881 2983 | ACC: -4932 13048 -8076 | GYRO: 222 -40 85 | GDP=241.058
FLEX: 2160 2925 2800 2928 2864 | ACC: -4800 13064 -8284 | GYRO: 626 -64 169 | GDP=651.562
FLEX: 2207 2981 2760 2941 2945 | ACC: -5152 13108 -8116 | GYRO: 424 -87 105 | GDP=445.387
FLEX: 2174 2930 2837 2846 2925 | ACC: -5084 13228 -8240 | GYRO: 457 -63 130 | GDP=479.289
FLEX: 2258 2964 2753 2880 2928 | ACC: -5148 13164 -7992 | GYRO: 650 -539 112 | GDP=851.801
FLEX: 2191 2960 2761 2886 2854 | ACC: -5276 13192 -8256 | GYRO: 819 -285 301 | GDP=917.925
FLEX: 2247 2992 2768 2925 2935 | ACC: -5252 13108 -7876 | GYRO: 701 -113 527 | GDP=884.251
FLEX: 2107 2919 2802 2880 2915 | ACC: -4956 13252 -8388 | GYRO: -181 -838 253 | GDP=893.876
FLEX: 2186 2959 2847 2841 2949 | ACC: -5004 12988 -7176 | GYRO: 83 697 563 | GDP=899.815
FLEX: 2078 2951 2751 2913 2983 | ACC: -4388 13296 -8184 | GYRO: 155 757 663 | GDP=1018.157
FLEX: 2177 2914 2764 2911 2949 | ACC: -5032 12964 -6752 | GYRO: -483 2503 494 | GDP=2596.601
FLEX: 2125 2938 2832 2862 2977 | ACC: -3972 12788 -6772 | GYRO: -2068 1816 -570 | GDP=2810.583
FLEX: 2135 2949 2861 2892 2971 | ACC: -4264 12116 -5488 | GYRO: -1042 2325 -1491 | GDP=2952.028
FLEX: 2118 2973 2809 2887 2999 | ACC: -3984 12616 -6644 | GYRO: 797 3123 -1785 | GDP=3684.367
FLEX: 2145 2983 2799 2871 2983 | ACC: -4976 13068 -7696 | GYRO: 1612 2978 -1937 | GDP=3901.153
FLEX: 2112 2975 2849 2886 2964 | ACC: -5484 13448 -7584 | GYRO: 1756 3488 -1544 | GDP=4199.240
FLEX: 2100 2960 2798 2894 2955 | ACC: -5088 14212 -9484 | GYRO: 3492 -221 -1933 | GDP=3997.423
FLEX: 2110 2949 2835 2829 2946 | ACC: -5720 13588 -9316 | GYRO: 3270 -856 -1701 | GDP=3784.050
FLEX: 2055 2932 2768 2871 2990 | ACC: -5396 13896 -10916 | GYRO: 2387 105 -514 | GDP=2443.970
FLEX: 2154 2943 2807 2811 2949 | ACC: -5528 13256 -9680 | GYRO: 1793 -1080 -727 | GDP=2215.802
FLEX: 2112 2959 2823 2832 2937 | ACC: -5732 12880 -9312 | GYRO: 661 -738 172 | GDP=1005.559
FLEX: 2134 2966 2810 2864 2943 | ACC: -5524 12896 -9188 | GYRO: -132 -307 364 | GDP=494.135
FLEX: 2066 2941 2787 2861 2932 | ACC: -5788 12600 -8268 | GYRO: 2042 282 751 | GDP=2193.921
FLEX: 2130 2961 2811 2832 2951 | ACC: -5244 12516 -8232 | GYRO: 2230 856 1483 | GDP=2811.570
FLEX: 2042 2939 2817 2842 2918 | ACC: -4700 12296 -9084 | GYRO: 2119 5 1467 | GDP=2577.261
FLEX: 2153 2975 2778 2855 2923 | ACC: -4528 12344 -9776 | GYRO: 2221 39 487 | GDP=2274.100
FLEX: 2070 2973 2785 2869 2916 | ACC: -4332 12468 -9368 | GYRO: 2056 150 -20 | GDP=2061.562
FLEX: 2164 2975 2752 2847 2941 | ACC: -4568 12324 -9224 | GYRO: 1675 -472 -539 | GDP=1821.793
FLEX: 2064 2963 2768 2863 2899 | ACC: -5224 12316 -9872 | GYRO: 1319 644 -388 | GDP=1518.236
FLEX: 2189 2972 2786 2864 2939 | ACC: -4772 12352 -9676 | GYRO: 506 -228 -258 | GDP=612.033
FLEX: 2065 2957 2771 2837 2918 | ACC: -4768 12232 -9628 | GYRO: 637 8 -46 | GDP=638.709
FLEX: 2206 2933 2798 2827 2964 | ACC: -4812 12184 -9340 | GYRO: 345 -45 215 | GDP=408.993
FLEX: 2064 2943 2765 2843 2896 | ACC: -4828 12292 -9384 | GYRO: 580 -126 100 | GDP=601.894
FLEX: 2245 2971 2771 2875 2930 | ACC: -4796 12076 -9020 | GYRO: 166 447 484 | GDP=679.427
FLEX: 2096 2962 2754 2839 2918 | ACC: -4644 12344 -9768 | GYRO: 867 -58 183 | GDP=887.999
FLEX: 2235 2975 2741 2870 2927 | ACC: -4484 12256 -9568 | GYRO: 398 -93 61 | GDP=413.248
FLEX: 2078 2987 2782 2807 2917 | ACC: -4632 12192 -9248 | GYRO: 1200 161 186 | GDP=1224.956
FLEX: 2209 2944 2784 2862 2928 | ACC: -4824 12352 -9724 | GYRO: 580 -174 -117 | GDP=616.737
FLEX: 2033 2974 2815 2850 2953 | ACC: -4976 12396 -9744 | GYRO: 941 -29 73 | GDP=944.273
FLEX: 2247 2958 2768 2814 2930 | ACC: -4992 12604 -9936 | GYRO: -171 47 188 | GDP=258.445
FLEX: 2020 2980 2777 2855 2915 | ACC: -4812 12724 -10120 | GYRO: -143 135 361 | GDP=411.090
FLEX: 2256 2923 2786 2866 2970 | ACC: -4636 12440 -9516 | GYRO: -433 -350 -319 | GDP=641.677
FLEX: 2097 2947 2797 2849 2944 | ACC: -4612 12228 -8972 | GYRO: -208 -21 160 | GDP=263.258
FLEX: 2285 2958 2779 2830 2913 | ACC: -4708 12312 -9036 | GYRO: -349 -417 -96 | GDP=552.183
FLEX: 2059 2974 2757 2853 2928 | ACC: -4660 12364 -8512 | GYRO: 276 -301 113 | GDP=423.729
FLEX: 2254 2996 2711 2851 2928 | ACC: -4312 12452 -8844 | GYRO: 728 -194 -45 | GDP=754.748
FLEX: 2075 2974 2764 2824 2899 | ACC: -4508 12144 -8436 | GYRO: 971 -701 -633 | GDP=1354.596
FLEX: 2288 2967 2737 2832 2914 | ACC: -4616 12268 -8744 | GYRO: 1339 196 -340 | GDP=1395.327
FLEX: 2096 2965 2765 2865 2913 | ACC: -4948 12596 -9268 | GYRO: 1048 -292 -492 | GDP=1193.998
FLEX: 2277 2953 2784 2855 2914 | ACC: -5144 12624 -9604 | GYRO: 1238 -68 -233 | GDP=1261.569
FLEX: 2121 2946 2787 2800 2902 | ACC: -5272 12588 -9460 | GYRO: 854 -69 -172 | GDP=873.877
FLEX: 2267 2959 2641 2848 2901 | ACC: -5032 12584 -9672 | GYRO: 880 -436 -92 | GDP=986.387
FLEX: 2096 2975 2764 2816 2922 | ACC: -4904 12792 -10076 | GYRO: 752 183 175 | GDP=793.485
FLEX: 2314 2970 2779 2839 2917 | ACC: -4632 12664 -9528 | GYRO: 167 -613 -317 | GDP=710.033
FLEX: 2055 2955 2758 2829 2915 | ACC: -4736 12504 -9496 | GYRO: 18 -218 -206 | GDP=300.473
FLEX: 2320 2973 2753 2834 2930 | ACC: -5436 12352 -9188 | GYRO: 353 -124 59 | GDP=378.769
FLEX: 2114 2983 2768 2848 2915 | ACC: -5556 12744 -9256 | GYRO: -199 -310 181 | GDP=410.441
FLEX: 2290 2931 2912 2858 2811 | ACC: -5980 13192 -9404 | GYRO: -123 -397 987 | GDP=1070.938
FLEX: 2085 2971 2752 2849 2893 | ACC: -5380 13468 -10708 | GYRO: 25 -64 1878 | GDP=1879.256
FLEX: 2295 2960 2762 2826 2902 | ACC: -5652 13412 -9800 | GYRO: -1369 -36 2193 | GDP=2585.480
FLEX: 2093 2950 2782 2844 2898 | ACC: -5080 13376 -9304 | GYRO: -1998 -529 2574 | GDP=3301.109
FLEX: 2302 2965 2773 2829 2911 | ACC: -4708 13032 -7884 | GYRO: -2254 -437 2766 | GDP=3594.752
FLEX: 2110 2955 2745 2835 2903 | ACC: -4284 13128 -7464 | GYRO: -929 -911 3071 | GDP=3335.267
FLEX: 2320 2929 2757 2787 2875 | ACC: -4296 13340 -7552 | GYRO: -387 -2105 2705 | GDP=3449.322
FLEX: 2103 2981 2777 2822 2919 | ACC: -4804 13692 -7764 | GYRO: -61 -3048 2600 | GDP=4006.747
FLEX: 2311 2984 2751 2832 2919 | ACC: -5808 14260 -8100 | GYRO: -1358 -5926 2566 | GDP=6598.939
FLEX: 2103 2961 2768 2801 2911 | ACC: -5108 14532 -8532 | GYRO: -1562 -3071 4461 | GDP=5636.613
FLEX: 2294 2928 2759 2849 2906 | ACC: -5124 13952 -6772 | GYRO: -2407 -4518 4742 | GDP=6978.004
FLEX: 2117 2967 2763 2812 2913 | ACC: -2360 14504 -7792 | GYRO: -1632 -4160 5402 | GDP=7010.751
FLEX: 2263 2969 2771 2830 2919 | ACC: -3824 14056 -5764 | GYRO: -1520 -4335 5770 | GDP=7375.332
FLEX: 2136 2957 2759 2932 2896 | ACC: -1084 14392 -6156 | GYRO: -1663 -7523 4453 | GDP=8898.894
FLEX: 2281 2954 2768 2874 2906 | ACC: -1984 14268 -4832 | GYRO: -1334 -7192 4304 | GDP=8486.980
FLEX: 2160 2978 2752 2854 2918 | ACC: -816 14588 -4508 | GYRO: -2052 -10235 2612 | GDP=10760.505
FLEX: 2320 2979 2707 2941 2883 | ACC: -1948 14536 -3600 | GYRO: -557 -946 4019 | GDP=4166.236
FLEX: 2118 2950 2748 2858 2865 | ACC: -1768 15132 -3908 | GYRO: -432 -3760 3605 | GDP=5226.877
FLEX: 2306 2994 2791 2861 2883 | ACC: -820 15156 -4568 | GYRO: 894 164 4358 | GDP=4451.774
FLEX: 2097 2986 2758 2903 3033 | ACC: -464 15224 -4272 | GYRO: 437 -2357 3683 | GDP=4394.418
FLEX: 2319 2997 2752 2822 3071 | ACC: 600 15048 -3624 | GYRO: -168 -582 3425 | GDP=3478.156
FLEX: 2118 2998 2704 2813 2921 | ACC: 1708 14496 -2572 | GYRO: 674 -1236 2664 | GDP=3013.116
FLEX: 2250 2903 2742 2838 2915 | ACC: 2596 13796 -2616 | GYRO: 3573 4348 3324 | GDP=6536.085
FLEX: 2009 2955 2684 2854 2958 | ACC: -540 14932 -3520 | GYRO: 6162 4155 3189 | GDP=8087.273
FLEX: 2218 2949 2695 2885 2915 | ACC: -632 15568 -5796 | GYRO: 6263 4080 3774 | GDP=8373.448
FLEX: 2160 2970 2758 2788 3005 | ACC: -128 15812 -7880 | GYRO: 5099 3638 4906 | GDP=7956.361
FLEX: 2224 2944 2656 2810 2864 | ACC: 2792 15252 -8360 | GYRO: 3390 1247 3978 | GDP=5373.229
FLEX: 2319 2973 2785 2801 2885 | ACC: 4344 14992 -8604 | GYRO: 1262 -442 2102 | GDP=2491.267
FLEX: 2235 2992 2752 2865 2969 | ACC: 4892 14612 -8216 | GYRO: 87 -919 690 | GDP=1152.489
FLEX: 2175 2932 2752 2875 2877 | ACC: 4972 14368 -7308 | GYRO: -220 738 116 | GDP=778.781
FLEX: 2211 2928 2778 2887 2902 | ACC: 5048 14376 -6764 | GYRO: -370 328 -1310 | GDP=1400.208
FLEX: 2176 3018 2748 2860 2893 | ACC: 4836 14276 -6544 | GYRO: -137 1692 -2365 | GDP=2911.161
FLEX: 2229 2970 2787 2834 2869 | ACC: 2484 14532 -5960 | GYRO: -360 246 -3747 | GDP=3772.284
FLEX: 2169 2979 2771 2767 2946 | ACC: 2620 14608 -5844 | GYRO: -593 2275 -3341 | GDP=4085.285
FLEX: 2194 2943 2767 2834 2887 | ACC: 1336 14796 -5776 | GYRO: -1517 1993 -3919 | GDP=4651.011
FLEX: 2170 2995 2779 2817 2890 | ACC: 932 15284 -6204 | GYRO: -1685 3417 -3346 | GDP=5070.585
FLEX: 2158 2976 2747 2821 2884 | ACC: 1348 15452 -5816 | GYRO: -1435 4448 -2504 | GDP=5302.258
FLEX: 2202 2949 2765 2835 2897 | ACC: 972 14852 -5684 | GYRO: 642 2017 -2564 | GDP=3324.838
FLEX: 2175 2965 2779 2813 2928 | ACC: 2660 14132 -6056 | GYRO: 1011 5869 -990 | GDP=6037.167
FLEX: 2160 2970 2747 2819 2929 | ACC: 4260 14444 -5368 | GYRO: 1042 4380 -2257 | GDP=5036.290
FLEX: 2154 2975 2766 2853 2894 | ACC: 2728 14304 -4728 | GYRO: 2464 5869 -4031 | GDP=7534.283
FLEX: 2189 2962 2775 2851 2928 | ACC: 1144 14872 -4716 | GYRO: 2127 2655 -6110 | GDP=6993.229
FLEX: 2101 2992 2768 2833 2921 | ACC: -92 16292 -5028 | GYRO: 1278 4438 -6616 | GDP=8068.493
FLEX: 2202 2944 2787 2846 2931 | ACC: -3988 15516 -4968 | GYRO: -1065 393 -9053 | GDP=9123.896
FLEX: 2143 2976 2757 2883 2886 | ACC: -5508 15452 -5940 | GYRO: -662 1926 -5463 | GDP=5830.273
FLEX: 2208 2935 2767 2881 2902 | ACC: -3900 15732 -5648 | GYRO: -831 973 -2951 | GDP=3216.472
FLEX: 2138 2965 2750 2838 2932 | ACC: -3352 15280 -5200 | GYRO: -712 -1911 -3981 | GDP=4472.944
FLEX: 2202 2972 2791 2833 2906 | ACC: -2968 14596 -4256 | GYRO: 863 285 -1699 | GDP=1926.810
FLEX: 2128 2960 2807 2861 2891 | ACC: -1852 15032 -5984 | GYRO: 1946 2125 273 | GDP=2894.317
FLEX: 2177 2935 2771 2871 2914 | ACC: -1548 15048 -5072 | GYRO: 2579 3095 990 | GDP=4148.538
FLEX: 2105 2962 2767 2845 2880 | ACC: -1888 15556 -5112 | GYRO: 1526 2889 592 | GDP=3320.461
FLEX: 2185 2943 2755 2867 2928 | ACC: -3144 13268 -4728 | GYRO: 3528 3187 853 | GDP=4830.255
FLEX: 2090 2941 2781 2864 2939 | ACC: -704 14100 -6192 | GYRO: 1974 5098 464 | GDP=5486.490
FLEX: 2218 2948 2741 2832 2943 | ACC: -2692 14668 -6244 | GYRO: 6647 -279 -2022 | GDP=6953.340
FLEX: 2099 2990 2822 2783 2903 | ACC: -5048 14704 -5912 | GYRO: 2215 -1158 -2494 | GDP=3530.896
FLEX: 2195 2959 2787 2843 2893 | ACC: -3728 14644 -6804 | GYRO: 6388 -1402 -536 | GDP=6561.970
FLEX: 2080 2946 2742 2835 2928 | ACC: -3236 13320 -5276 | GYRO: 7564 -1155 610 | GDP=7675.951
FLEX: 2210 2954 2768 2853 2931 | ACC: -1756 13740 -8928 | GYRO: 5231 -1164 -257 | GDP=5365.101
FLEX: 2083 2951 2768 2848 2935 | ACC: -2168 12548 -8536 | GYRO: 7941 829 -124 | GDP=7985.117
FLEX: 2218 2959 2770 2864 2927 | ACC: -1324 13308 -10552 | GYRO: 3142 806 -1169 | GDP=3447.950
FLEX: 2070 2953 2775 2848 2896 | ACC: -1736 13980 -12472 | GYRO: 3464 502 -1177 | GDP=3692.781
FLEX: 2214 2962 2752 2837 2915 | ACC: -3012 13136 -10952 | GYRO: 3473 2873 -920 | GDP=4600.246
FLEX: 2061 2950 2769 2834 2889 | ACC: -2628 13112 -10996 | GYRO: 2058 -3015 -1275 | GDP=3866.680
FLEX: 2250 2960 2811 2835 2906 | ACC: -4928 12508 -8464 | GYRO: 2951 -80 -823 | GDP=3064.658
FLEX: 2089 2931 2741 2864 2879 | ACC: -3184 12768 -10224 | GYRO: 517 443 -673 | GDP=957.323
FLEX: 2275 2949 2772 2867 2906 | ACC: -2700 11984 -9752 | GYRO: 4227 -2158 286 | GDP=4754.607
FLEX: 2088 2915 2755 2870 2928 | ACC: -2888 11876 -10456 | GYRO: 314 -690 -1456 | GDP=1641.533
FLEX: 2256 2947 2779 2862 2919 | ACC: -2124 11948 -10940 | GYRO: 3597 -783 114 | GDP=3683.001
FLEX: 2064 2973 2765 2857 2908 | ACC: -2528 12052 -11140 | GYRO: 1515 144 -978 | GDP=1808.990
FLEX: 2281 2944 2761 2823 2906 | ACC: -3004 11896 -10688 | GYRO: 989 -1953 -657 | GDP=2285.603
FLEX: 2042 2987 2783 2849 2894 | ACC: -4036 11876 -10680 | GYRO: -171 -2720 -2329 | GDP=3584.952
FLEX: 2294 2986 2790 2837 2864 | ACC: -3876 11424 -10328 | GYRO: 3856 -957 -1381 | GDP=4206.156
FLEX: 2112 2965 2787 2825 2921 | ACC: -3424 11592 -10920 | GYRO: 465 -3153 -2046 | GDP=3787.314
FLEX: 2346 2988 2782 2849 2907 | ACC: -4496 11308 -10668 | GYRO: 1482 -2193 -1492 | GDP=3038.361
FLEX: 2113 3003 2788 2811 2896 | ACC: -4484 11564 -11300 | GYRO: 1402 -857 -929 | GDP=1887.616
FLEX: 2352 2960 2800 2853 2903 | ACC: -5004 11812 -11736 | GYRO: 1602 39 -475 | GDP=1671.392
FLEX: 2086 2971 2768 2821 2886 | ACC: -4584 11364 -11020 | GYRO: 1245 206 -80 | GDP=1264.461
FLEX: 2358 3007 2753 2845 2909 | ACC: -4880 11664 -11524 | GYRO: 739 -1090 -189 | GDP=1330.392
FLEX: 2119 2961 2731 2852 2881 | ACC: -4720 11180 -10840 | GYRO: 828 -452 16 | GDP=943.474
FLEX: 2419 2991 2762 2842 2895 | ACC: -4320 11340 -11444 | GYRO: 398 -3 245 | GDP=467.374
FLEX: 2078 2978 2736 2827 2909 | ACC: -4416 11112 -10892 | GYRO: 767 408 178 | GDP=886.813
FLEX: 2385 2961 2752 2862 2956 | ACC: -4412 11156 -10680 | GYRO: 647 948 496 | GDP=1250.332
FLEX: 2068 2962 2747 2835 2896 | ACC: -4308 11052 -10672 | GYRO: 1305 1108 423 | GDP=1763.411
FLEX: 2343 2980 2750 2834 2923 | ACC: -4144 11160 -10940 | GYRO: 724 604 45 | GDP=943.937
FLEX: 2064 2960 2765 2835 2895 | ACC: -3848 11096 -11252 | GYRO: 464 599 -335 | GDP=828.446
FLEX: 2318 2966 2751 2821 2851 | ACC: -4200 11328 -11156 | GYRO: 592 217 -300 | GDP=698.250
FLEX: 2017 2977 2750 2837 2890 | ACC: -4288 11304 -11068 | GYRO: 501 -65 -125 | GDP=520.433
FLEX: 2324 2982 2736 2816 2902 | ACC: -4356 11360 -11432 | GYRO: 488 759 246 | GDP=935.276
FLEX: 2032 2966 2757 2844 2878 | ACC: -4188 11288 -10928 | GYRO: 203 420 217 | GDP=514.488
FLEX: 2370 2973 2752 2846 2896 | ACC: -4076 11320 -11260 | GYRO: -153 731 316 | GDP=810.941
FLEX: 2026 2950 2737 2844 2879 | ACC: -4380 11432 -10880 | GYRO: 117 752 627 | GDP=986.064
FLEX: 2319 2971 2757 2867 2895 | ACC: -3876 11348 -10824 | GYRO: -50 361 398 | GDP=539.653
FLEX: 2039 2977 2763 2810 2883 | ACC: -3684 11300 -10480 | GYRO: -215 385 274 | GDP=519.159
FLEX: 2307 2960 2750 2809 2889 | ACC: -3640 11472 -10868 | GYRO: 175 198 254 | GDP=366.531
FLEX: 2018 2959 2726 2818 2889 | ACC: -3312 11448 -10588 | GYRO: 100 35 -119 | GDP=159.330
FLEX: 2310 2955 2767 2837 2896 | ACC: -3732 11428 -10248 | GYRO: 653 227 -46 | GDP=692.859
FLEX: 2039 2960 2768 2859 2926 | ACC: -3688 11640 -10612 | GYRO: 742 -177 -188 | GDP=785.644
FLEX: 2284 2959 2766 2821 2901 | ACC: -3764 11584 -10768 | GYRO: 781 771 133 | GDP=1105.482
FLEX: 2066 2959 2771 2817 2933 | ACC: -3588 11620 -10968 | GYRO: 531 75 6 | GDP=536.304
FLEX: 2288 2970 2781 2826 2912 | ACC: -3744 11724 -11048 | GYRO: 421 156 106 | GDP=461.317
FLEX: 2073 2993 2788 2827 2887 | ACC: -3580 11552 -10616 | GYRO: 380 -16 12 | GDP=380.526
FLEX: 2288 2956 2769 2823 2876 | ACC: -3516 11520 -10596 | GYRO: 278 78 -3 | GDP=288.751
FLEX: 2044 2967 2755 2809 2817 | ACC: -3708 11600 -10440 | GYRO: 439 638 194 | GDP=798.374
FLEX: 2256 2954 2770 2835 2899 | ACC: -3288 11708 -11000 | GYRO: 256 281 -253 | GDP=456.625
FLEX: 2061 2923 2754 2800 2852 | ACC: -3568 11760 -10824 | GYRO: 608 408 20 | GDP=732.481
FLEX: 2263 2957 2704 2862 2880 | ACC: -3632 11708 -10896 | GYRO: 421 345 -52 | GDP=546.781
FLEX: 2032 2864 2811 2835 2933 | ACC: -3536 11888 -10884 | GYRO: -82 490 -57 | GDP=500.073
FLEX: 2275 2981 2795 2832 2911 | ACC: -3248 11880 -10848 | GYRO: 432 283 106 | GDP=527.209
FLEX: 2139 2978 2785 2860 2902 | ACC: -3280 11740 -10684 | GYRO: -340 154 -169 | GDP=409.728
FLEX: 2262 2846 2732 2820 2881 | ACC: -3372 11872 -10784 | GYRO: 104 210 -162 | GDP=284.886
FLEX: 2131 2893 2796 2758 2887 | ACC: -3556 11924 -10408 | GYRO: 28 -120 -211 | GDP=244.346
FLEX: 2250 2947 2823 2807 2893 | ACC: -3784 12052 -10548 | GYRO: 131 36 143 | GDP=197.246
FLEX: 2189 2962 2761 2845 2864 | ACC: -3820 12256 -10824 | GYRO: -141 85 349 | GDP=385.885
FLEX: 2218 2970 2779 2881 2906 | ACC: -3548 12180 -10760 | GYRO: -80 222 583 | GDP=628.946
FLEX: 2047 2954 2785 2816 2899 | ACC: -3256 12116 -10684 | GYRO: -293 365 656 | GDP=805.860
FLEX: 2263 2934 2786 2815 2831 | ACC: -3364 12260 -10588 | GYRO: -190 357 685 | GDP=795.471
FLEX: 2117 2995 2720 2851 2971 | ACC: -3460 12316 -10384 | GYRO: -578 268 846 | GDP=1059.068
FLEX: 2259 2927 2735 2887 2914 | ACC: -3264 12584 -9928 | GYRO: -708 145 1132 | GDP=1343.024
FLEX: 2146 2946 2786 2845 2858 | ACC: -3060 12364 -10100 | GYRO: -784 383 1480 | GDP=1718.064
FLEX: 2160 2997 2737 2819 2919 | ACC: -2888 12928 -10588 | GYRO: -1028 486 1548 | GDP=1920.751
FLEX: 2103 2912 2739 2803 2935 | ACC: -2720 13184 -10120 | GYRO: -1438 703 1808 | GDP=2414.729
FLEX: 2149 2950 2725 2783 2966 | ACC: -1892 13008 -9808 | GYRO: -1918 504 1639 | GDP=2572.754
FLEX: 2131 2957 2742 2816 2874 | ACC: -1568 12984 -9472 | GYRO: -2020 431 1321 | GDP=2451.775
FLEX: 2132 2946 2766 2863 2903 | ACC: -1508 12828 -8488 | GYRO: -2152 221 486 | GDP=2217.237
FLEX: 2138 2974 2770 2778 2903 | ACC: -1992 13044 -8076 | GYRO: -1861 551 497 | GDP=2003.480
FLEX: 2128 2989 2761 2845 2853 | ACC: -2236 13288 -7776 | GYRO: -1000 203 433 | GDP=1108.467
FLEX: 2195 2983 2762 2818 2894 | ACC: -1848 13236 -7732 | GYRO: -473 23 746 | GDP=883.614
FLEX: 2082 2948 2766 2809 2921 | ACC: -1360 13176 -7676 | GYRO: 153 -216 437 | GDP=510.915
FLEX: 2205 2977 2784 2823 2896 | ACC: -1372 13780 -8468 | GYRO: 368 -121 164 | GDP=420.667
FLEX: 2106 2970 2787 2840 2896 | ACC: -1576 13704 -8184 | GYRO: -41 -294 -290 | GDP=414.990
FLEX: 2194 2978 2766 2801 2882 | ACC: -1672 13892 -8280 | GYRO: 756 161 -121 | GDP=782.367
FLEX: 2105 2950 2786 2861 2897 | ACC: -1412 14048 -7996 | GYRO: 409 -97 -391 | GDP=574.083
FLEX: 2209 2949 2791 2882 2898 | ACC: -1664 14112 -8444 | GYRO: 804 55 -249 | GDP=843.470
FLEX: 2103 2954 2753 2834 2901 | ACC: -1948 13864 -8360 | GYRO: 557 48 -330 | GDP=649.194
FLEX: 2179 2960 2750 2823 2930 | ACC: -1716 14240 -8772 | GYRO: 679 70 -318 | GDP=753.037
FLEX: 2069 2943 2769 2827 2896 | ACC: -1968 14180 -8852 | GYRO: 195 441 -262 | GDP=548.771
FLEX: 2210 2963 2751 2826 2887 | ACC: -1924 13788 -8032 | GYRO: 465 -44 -355 | GDP=586.674
FLEX: 2080 2949 2769 2815 2847 | ACC: -2016 13720 -7780 | GYRO: 248 151 -173 | GDP=337.985
FLEX: 2227 2957 2779 2819 2992 | ACC: -2096 13832 -8276 | GYRO: 940 125 -120 | GDP=955.837
FLEX: 2047 2947 2739 2830 2857 | ACC: -1972 13896 -8220 | GYRO: 575 259 -13 | GDP=630.773
FLEX: 2224 2951 2784 2818 2817 | ACC: -1708 14100 -8696 | GYRO: 826 100 69 | GDP=834.887
FLEX: 2063 2955 2761 2837 2921 | ACC: -1552 14048 -8720 | GYRO: -33 -82 -324 | GDP=335.841
FLEX: 2235 2934 2768 2837 2896 | ACC: -760 14244 -9844 | GYRO: -158 648 -314 | GDP=737.200
FLEX: 2047 2989 2768 2843 2901 | ACC: -840 13920 -8660 | GYRO: -1018 -157 -1275 | GDP=1639.084
FLEX: 2245 2947 2768 2822 2880 | ACC: -1556 13668 -8040 | GYRO: -776 572 -1416 | GDP=1713.014
FLEX: 1991 2943 2775 2859 2884 | ACC: -1416 13608 -7404 | GYRO: -390 1406 -1115 | GDP=1836.344
FLEX: 2234 2957 2784 2867 2845 | ACC: -1972 13708 -7060 | GYRO: -13 994 -1741 | GDP=2004.816
FLEX: 2032 2955 2741 2832 2878 | ACC: -2564 13780 -6884 | GYRO: 377 751 -1652 | GDP=1853.438
FLEX: 2245 2942 2790 2807 2896 | ACC: -3256 14076 -6956 | GYRO: 500 305 -1793 | GDP=1886.233
FLEX: 2006 2947 2769 2862 2843 | ACC: -3424 14012 -6792 | GYRO: 809 512 -1221 | GDP=1551.601
FLEX: 2277 2955 2766 2832 2901 | ACC: -3532 14256 -7764 | GYRO: 588 -82 -1076 | GDP=1228.920
FLEX: 1973 2954 2791 2848 2883 | ACC: -3144 14136 -7508 | GYRO: 630 -145 -837 | GDP=1057.589
FLEX: 2266 2942 2775 2814 2910 | ACC: -2992 14076 -7892 | GYRO: 578 13 -568 | GDP=810.479
FLEX: 2009 2931 2763 2838 2893 | ACC: -2732 14060 -7816 | GYRO: 660 -82 -476 | GDP=817.863
FLEX: 2306 2960 2810 2839 2874 | ACC: -2884 13972 -7520 | GYRO: 750 242 -411 | GDP=888.811
FLEX: 1991 2945 2757 2838 2858 | ACC: -2588 13980 -7840 | GYRO: 690 368 -513 | GDP=935.250
FLEX: 2299 2951 2794 2816 2887 | ACC: -2932 14048 -8056 | GYRO: 689 185 -610 | GDP=938.641
FLEX: 1984 2943 2773 2833 2871 | ACC: -3648 13996 -7324 | GYRO: 276 -353 -654 | GDP=792.781
FLEX: 2287 2965 2771 2881 2912 | ACC: -3716 13872 -7304 | GYRO: 847 463 -84 | GDP=968.934
FLEX: 2002 2950 2768 2832 2894 | ACC: -3356 13904 -7436 | GYRO: 1079 -197 -12 | GDP=1096.902
FLEX: 2309 2960 2746 2859 2879 | ACC: -2984 14012 -8176 | GYRO: 1122 -136 77 | GDP=1132.832
FLEX: 1997 2960 2736 2816 2863 | ACC: -3184 14032 -8068 | GYRO: 906 -21 256 | GDP=941.708
FLEX: 2320 2939 2762 2846 2899 | ACC: -2944 14144 -8152 | GYRO: 986 -295 207 | GDP=1049.795
FLEX: 2047 2933 2752 2823 2931 | ACC: -2832 13940 -7892 | GYRO: 492 26 159 | GDP=517.707
FLEX: 2296 2972 2778 2788 2879 | ACC: -2708 13936 -8000 | GYRO: 652 51 -113 | GDP=663.682
FLEX: 2005 2946 2786 2832 2902 | ACC: -3008 13780 -7660 | GYRO: 571 -69 -282 | GDP=640.567
FLEX: 2306 2963 2767 2819 2864 | ACC: -3424 13852 -7648 | GYRO: 664 207 -133 | GDP=708.120
FLEX: 2011 2953 2768 2799 2818 | ACC: -3884 13972 -7468 | GYRO: 735 56 125 | GDP=747.654
FLEX: 2273 2925 2738 2854 2893 | ACC: -3428 13940 -7556 | GYRO: 992 -23 396 | GDP=1068.367
FLEX: 2025 2971 2767 2812 2893 | ACC: -3036 13976 -7980 | GYRO: 889 337 662 | GDP=1158.505
FLEX: 2342 2929 2754 2821 2918 | ACC: -3044 13720 -7568 | GYRO: 1010 -332 402 | GDP=1136.630
FLEX: 1981 2982 2784 2832 2897 | ACC: -3308 13820 -7680 | GYRO: 860 75 699 | GDP=1110.777
FLEX: 2319 3059 2793 2823 2906 | ACC: -2264 13968 -8388 | GYRO: 1210 408 584 | GDP=1404.144
FLEX: 1984 2961 2764 2830 2913 | ACC: -2212 14028 -8168 | GYRO: 692 -607 -45 | GDP=921.595
FLEX: 2267 2951 2787 2823 2910 | ACC: -1960 14004 -8652 | GYRO: 794 124 -77 | GDP=807.305
FLEX: 2029 2960 2753 2826 2902 | ACC: -2296 13876 -7836 | GYRO: 455 -80 -312 | GDP=557.467
FLEX: 2311 2957 2758 2804 2850 | ACC: -2648 13936 -8308 | GYRO: 681 153 -359 | GDP=784.889
FLEX: 2001 2941 2765 2853 2901 | ACC: -2620 13868 -7960 | GYRO: 792 237 -434 | GDP=933.696
FLEX: 2318 2930 2763 2800 2922 | ACC: -2840 13952 -8252 | GYRO: 600 -195 -668 | GDP=918.830
FLEX: 2023 2951 2761 2845 2902 | ACC: -2796 13964 -8204 | GYRO: 382 -219 -783 | GDP=898.317
FLEX: 2300 2927 2747 2826 2894 | ACC: -3016 13976 -8020 | GYRO: 56 -51 -966 | GDP=968.965
FLEX: 2023 2944 2768 2821 2897 | ACC: -3204 13872 -7804 | GYRO: 81 39 -1010 | GDP=1013.993
FLEX: 2294 2942 2739 2882 2885 | ACC: -3088 13920 -7816 | GYRO: 363 6 -1116 | GDP=1173.568
FLEX: 2043 2950 2768 2822 2893 | ACC: -3672 13816 -7460 | GYRO: -72 -379 -1195 | GDP=1255.727
FLEX: 2304 2955 2784 2851 2891 | ACC: -3940 13844 -7452 | GYRO: 442 72 -959 | GDP=1058.409
FLEX: 2062 2995 2778 2853 2877 | ACC: -4552 13804 -7052 | GYRO: 515 -311 -622 | GDP=865.350
FLEX: 2295 2963 2790 2816 2890 | ACC: -4916 13900 -7336 | GYRO: 1131 90 244 | GDP=1160.516
FLEX: 1984 2949 2779 2851 2878 | ACC: -4372 13924 -7596 | GYRO: 1146 -58 741 | GDP=1365.929
FLEX: 2286 2960 2763 2788 3156 | ACC: -3944 13796 -7664 | GYRO: 1242 65 1065 | GDP=1637.380
FLEX: 2047 2971 2736 2828 2851 | ACC: -3544 13852 -7904 | GYRO: 1433 -158 1105 | GDP=1816.447
FLEX: 2274 2979 2731 2777 2877 | ACC: -3672 13988 -7828 | GYRO: 1332 -251 1194 | GDP=1806.339
FLEX: 2118 2896 2768 2887 2894 | ACC: -3600 14176 -8216 | GYRO: 1275 45 1365 | GDP=1868.388
FLEX: 2259 2896 2734 2713 2927 | ACC: -3276 13744 -8116 | GYRO: 1060 -505 1771 | GDP=2124.868
FLEX: 2058 2912 2749 2832 2955 | ACC: -2796 13720 -8548 | GYRO: 1067 -501 1727 | GDP=2090.937
FLEX: 2231 2922 2783 2891 2701 | ACC: -2764 13876 -8028 | GYRO: 907 -145 1762 | GDP=1987.037
FLEX: 2091 2922 2727 2863 2959 | ACC: -2552 13920 -8300 | GYRO: 1089 -110 1887 | GDP=2181.465
FLEX: 2247 2893 2752 2851 2853 | ACC: -2540 14028 -8152 | GYRO: 738 -1025 1360 | GDP=1856.036
FLEX: 2139 2935 2733 2794 2877 | ACC: -2524 13836 -8364 | GYRO: 703 -740 1518 | GDP=1829.244
FLEX: 2208 2939 2803 2823 2953 | ACC: -2396 14124 -8236 | GYRO: 573 -826 1715 | GDP=1987.921
FLEX: 2195 2962 2709 2817 2955 | ACC: -2032 14068 -8464 | GYRO: 627 -110 1906 | GDP=2009.494
FLEX: 2233 2947 2722 2879 2864 | ACC: -1936 13708 -7640 | GYRO: 431 -919 1185 | GDP=1560.303
FLEX: 2106 2913 2757 2846 2929 | ACC: -1680 13824 -8016 | GYRO: 559 -760 1123 | GDP=1466.700
FLEX: 2237 2938 2734 2825 2901 | ACC: -1880 13716 -7992 | GYRO: 982 -1109 952 | GDP=1760.826
FLEX: 2130 2925 2775 2831 2898 | ACC: -1252 14088 -8980 | GYRO: 1132 123 1275 | GDP=1709.438
FLEX: 2158 2944 2736 2787 2899 | ACC: -1068 13956 -9428 | GYRO: 819 1264 2122 | GDP=2602.180
FLEX: 2159 2928 2736 2806 2915 | ACC: -248 14408 -9064 | GYRO: 315 2034 2785 | GDP=3463.034
FLEX: 2148 2958 2768 2840 2896 | ACC: 320 14464 -7680 | GYRO: 37 1534 1860 | GDP=2411.250
FLEX: 2207 2963 2755 2845 2891 | ACC: -48 13780 -6656 | GYRO: 8 845 668 | GDP=1077.178
FLEX: 2134 2967 2780 2820 2891 | ACC: -600 13592 -6516 | GYRO: 1045 1397 554 | GDP=1830.451
FLEX: 2176 2928 2720 2804 2878 | ACC: -1004 13672 -7316 | GYRO: 2191 1470 840 | GDP=2768.931
FLEX: 2124 2929 2752 2816 2839 | ACC: -972 13916 -8612 | GYRO: 2281 1485 1054 | GDP=2918.750
FLEX: 2217 2980 2771 2799 2863 | ACC: -904 14408 -9392 | GYRO: 1884 812 997 | GDP=2280.967
FLEX: 2090 2967 2783 2832 2902 | ACC: -460 14288 -9380 | GYRO: 1013 -188 705 | GDP=1248.414
FLEX: 2224 2933 2756 2822 2893 | ACC: -272 14096 -9020 | GYRO: 249 -802 488 | GDP=971.262
FLEX: 2114 2960 2759 2775 2902 | ACC: 420 13756 -8776 | GYRO: 229 -870 200 | GDP=921.597
FLEX: 2213 2923 2737 2837 2861 | ACC: 396 13672 -8072 | GYRO: 479 -1011 110 | GDP=1124.127
FLEX: 2125 2957 2783 2835 2873 | ACC: 416 13788 -8348 | GYRO: 778 -517 -73 | GDP=936.964
FLEX: 2192 2957 2739 2807 2885 | ACC: 168 14004 -8376 | GYRO: 962 -331 -173 | GDP=1031.956
FLEX: 2079 2928 2761 2822 2875 | ACC: 112 14108 -8608 | GYRO: 806 -273 -365 | GDP=925.954
FLEX: 2225 2960 2780 2783 2864 | ACC: 44 13956 -8648 | GYRO: 731 41 -279 | GDP=783.507
FLEX: 2096 2948 2752 2800 2910 | ACC: -304 13892 -8484 | GYRO: 368 -199 -590 | GDP=723.274
FLEX: 2259 2949 2781 2813 2892 | ACC: -228 13920 -8504 | GYRO: 680 57 -483 | GDP=836.025
FLEX: 2096 2927 2717 2831 2873 | ACC: -352 13988 -8724 | GYRO: 340 -237 -636 | GDP=759.121
FLEX: 2250 2960 2743 2832 2928 | ACC: -448 14040 -8528 | GYRO: 62 -9 -444 | GDP=448.398
FLEX: 2059 2943 2739 2880 2925 | ACC: -172 13940 -8524 | GYRO: -31 -84 -556 | GDP=563.163
FLEX: 2231 2932 2753 2847 2896 | ACC: 1140 13816 -8684 | GYRO: -274 -131 -1309 | GDP=1343.770
FLEX: 2017 2971 2738 2815 2871 | ACC: 852 14012 -8456 | GYRO: -718 23 -3429 | GDP=3503.440
FLEX: 2261 2960 2784 2832 2885 | ACC: 412 13428 -7344 | GYRO: -1283 -2632 -5160 | GDP=5932.884
FLEX: 2042 2960 2741 2831 2875 | ACC: -1344 12936 -6152 | GYRO: -1209 -1116 -6119 | GDP=6336.347
FLEX: 2257 2927 2786 2821 2887 | ACC: -1992 13448 -6688 | GYRO: -935 -2888 -6671 | GDP=7329.189
FLEX: 2043 2937 2751 2832 2897 | ACC: -5124 13532 -6296 | GYRO: 1097 -434 -5108 | GDP=5242.464
FLEX: 2271 2957 2750 2800 2882 | ACC: -4736 13888 -7308 | GYRO: 1266 1084 -3627 | GDP=3991.609
FLEX: 2022 2956 2735 2813 2914 | ACC: -4956 13248 -6972 | GYRO: 1617 268 -3549 | GDP=3909.209
FLEX: 2291 2935 2768 2860 2879 | ACC: -4968 13148 -6724 | GYRO: 2691 855 -2770 | GDP=3955.427
FLEX: 1997 2957 2741 2797 2866 | ACC: -5780 13296 -7792 | GYRO: 3385 1191 -1792 | GDP=4010.981
FLEX: 2299 2907 2759 2819 2889 | ACC: -5712 13636 -8376 | GYRO: 2762 1555 -1186 | GDP=3384.267
FLEX: 1995 2938 2761 2849 2885 | ACC: -5244 13960 -9512 | GYRO: 1616 780 -603 | GDP=1893.004
FLEX: 2303 2935 2778 2800 2879 | ACC: -4796 13608 -9156 | GYRO: 1727 600 26 | GDP=1828.443
FLEX: 1984 2938 2737 2803 2881 | ACC: -4336 13392 -8968 | GYRO: 734 606 338 | GDP=1010.067
FLEX: 2315 2915 2756 2811 2890 | ACC: -4444 12684 -7908 | GYRO: 3367 2882 994 | GDP=4542.097
FLEX: 2042 2962 2778 2826 2879 | ACC: -4036 12756 -8780 | GYRO: -2467 2381 -1463 | GDP=3727.683
FLEX: 2383 2966 2774 2867 2911 | ACC: -3784 14324 -11312 | GYRO: -168 1628 -708 | GDP=1783.220
FLEX: 2067 2933 2819 2810 2939 | ACC: -5456 13716 -6468 | GYRO: -3206 -831 419 | GDP=3338.347
FLEX: 2352 2940 2755 2782 2947 | ACC: -3472 14000 -9780 | GYRO: -383 -602 1236 | GDP=1427.161
FLEX: 2061 2894 2809 2790 2935 | ACC: -2588 13724 -10304 | GYRO: -3190 962 734 | GDP=3411.788
FLEX: 2321 2871 2822 2802 2910 | ACC: -3240 13152 -7900 | GYRO: -2324 201 -81 | GDP=2334.082
FLEX: 2042 2870 2805 2781 2923 | ACC: -4416 13392 -6072 | GYRO: -2660 1122 -445 | GDP=2921.046
FLEX: 2305 2885 2809 2789 2954 | ACC: -4404 13840 -6716 | GYRO: 4160 -1054 1566 | GDP=4568.246
FLEX: 2011 2859 2771 2835 2919 | ACC: -3976 13108 -6288 | GYRO: -246 1554 -29 | GDP=1573.618
FLEX: 2331 2859 2787 2770 2898 | ACC: -3668 14172 -7536 | GYRO: 248 -446 -978 | GDP=1103.134
FLEX: 1973 2885 2779 2815 2896 | ACC: -3764 14008 -7524 | GYRO: 407 108 -433 | GDP=603.988
FLEX: 2325 2898 2783 2800 2909 | ACC: -4768 14060 -7256 | GYRO: 312 -579 -635 | GDP=914.226
FLEX: 1917 2889 2765 2835 2898 | ACC: -3888 13692 -7996 | GYRO: 1736 -491 957 | GDP=2042.211
FLEX: 2295 2877 2779 2779 2960 | ACC: -4448 13704 -7172 | GYRO: 11 -475 257 | GDP=540.181
FLEX: 1981 2881 2802 2807 2910 | ACC: -3820 13800 -7552 | GYRO: 1116 -934 548 | GDP=1555.029
FLEX: 2289 2873 2761 2777 2926 | ACC: -3692 13884 -7292 | GYRO: 293 -217 188 | GDP=410.222
FLEX: 1952 2864 2779 2791 2914 | ACC: -3696 13996 -7916 | GYRO: -136 -612 -322 | GDP=704.786
FLEX: 2288 2882 2803 2801 2902 | ACC: -4036 14180 -7404 | GYRO: -415 -1088 -779 | GDP=1401.003
FLEX: 1964 2903 2799 2773 2893 | ACC: -4472 14024 -6932 | GYRO: 62 -659 21 | GDP=662.243
FLEX: 2313 2870 2779 2785 2896 | ACC: -4296 13752 -6600 | GYRO: 273 -588 28 | GDP=648.889
FLEX: 1929 2883 2763 2800 2895 | ACC: -4116 13684 -6508 | GYRO: 499 -651 21 | GDP=820.514
FLEX: 2317 2892 2768 2801 2881 | ACC: -3908 13520 -6256 | GYRO: 2024 -78 667 | GDP=2132.498
FLEX: 1968 2873 2775 2813 2882 | ACC: -3624 13468 -6012 | GYRO: 1301 81 -73 | GDP=1305.562
FLEX: 2278 2870 2758 2806 2866 | ACC: -3804 13088 -7020 | GYRO: 2422 400 -45 | GDP=2455.221
FLEX: 1994 2867 2753 2813 2930 | ACC: -4020 13752 -8028 | GYRO: 2889 607 9 | GDP=2952.093
FLEX: 2277 2857 2771 2813 2857 | ACC: -4280 14456 -9368 | GYRO: 2046 552 0 | GDP=2119.156
FLEX: 2000 2829 2772 2801 2896 | ACC: -4420 14436 -8696 | GYRO: 1134 313 212 | GDP=1195.353
FLEX: 2277 2891 2779 2816 2915 | ACC: -3940 13944 -8324 | GYRO: -234 -445 -31 | GDP=503.728
FLEX: 1995 2869 2763 2889 2829 | ACC: -3880 13780 -7796 | GYRO: -170 -207 334 | GDP=428.141
FLEX: 2256 2863 2828 2746 2860 | ACC: -4044 13608 -7220 | GYRO: -185 -918 -140 | GDP=946.863
FLEX: 2042 2907 2771 2859 3040 | ACC: -4300 13232 -6296 | GYRO: 1909 -1661 214 | GDP=2539.488
FLEX: 2233 2869 2751 2815 2901 | ACC: -4108 13176 -7068 | GYRO: 1782 -1289 244 | GDP=2212.822
FLEX: 2099 2829 2748 2799 2832 | ACC: -4064 13508 -7588 | GYRO: 1345 -644 -213 | GDP=1506.363
FLEX: 2208 2861 2784 2793 2835 | ACC: -4068 13884 -8424 | GYRO: 1258 -496 -58 | GDP=1353.493
FLEX: 2085 2903 2787 2795 2895 | ACC: -4152 13632 -7928 | GYRO: 711 -559 -447 | GDP=1008.866
FLEX: 2229 2858 2768 2869 2889 | ACC: -4532 13776 -8484 | GYRO: 442 -47 -18 | GDP=444.856
FLEX: 2032 2767 2773 2764 2880 | ACC: -4484 13584 -7584 | GYRO: 293 -467 -306 | GDP=630.535
FLEX: 2189 2843 2773 2850 2914 | ACC: -4296 13652 -7836 | GYRO: -189 -490 65 | GDP=529.194
FLEX: 2064 2878 2761 2799 2886 | ACC: -4404 13520 -7440 | GYRO: 43 -930 -488 | GDP=1051.139
FLEX: 2217 2889 2716 2821 2898 | ACC: -4532 13652 -7620 | GYRO: 337 -227 -238 | GDP=470.895
FLEX: 2082 2843 2781 2768 2886 | ACC: -4688 13488 -7740 | GYRO: 1066 358 219 | GDP=1145.636
FLEX: 2199 2897 2716 2739 2881 | ACC: -4524 13872 -8664 | GYRO: 246 357 97 | GDP=444.268
FLEX: 2093 2861 2761 2794 2870 | ACC: -4428 13952 -8408 | GYRO: 782 753 565 | GDP=1223.829
FLEX: 2073 2865 2756 2787 2873 | ACC: -4364 13636 -7484 | GYRO: 498 -440 27 | GDP=665.081
FLEX: 2121 2850 2752 2800 2867 | ACC: -4408 13688 -7860 | GYRO: 279 435 356 | GDP=627.536
FLEX: 2107 2855 2751 2832 2892 | ACC: -4260 13744 -7636 | GYRO: 294 -78 26 | GDP=305.280
FLEX: 2115 2849 2766 2783 2927 | ACC: -4220 13868 -7764 | GYRO: -21 -93 127 | GDP=158.805
FLEX: 2067 2851 2735 2813 2897 | ACC: -4408 13824 -7484 | GYRO: 757 -104 126 | GDP=774.429
FLEX: 2143 2859 2768 2825 2905 | ACC: -4196 13776 -7496 | GYRO: 242 -115 235 | GDP=356.390
FLEX: 2043 2874 2749 2830 2865 | ACC: -4292 13628 -7096 | GYRO: 1125 -12 287 | GDP=1161.094
FLEX: 2166 2865 2746 2783 2883 | ACC: -3944 13816 -7648 | GYRO: 728 -122 102 | GDP=745.166
FLEX: 2037 2871 2725 2806 2904 | ACC: -3880 13776 -7352 | GYRO: 1218 96 -82 | GDP=1224.526
FLEX: 2198 2848 2745 2785 2884 | ACC: -4244 13632 -7556 | GYRO: 1021 -20 -232 | GDP=1047.218
FLEX: 2038 2851 2752 2832 2867 | ACC: -4404 13680 -7480 | GYRO: 1399 131 227 | GDP=1423.338
FLEX: 2167 2870 2698 2800 2899 | ACC: -4216 13800 -8080 | GYRO: -345 -242 57 | GDP=425.251
FLEX: 2000 2866 2736 2793 2891 | ACC: -4032 13956 -7672 | GYRO: -762 -447 -2 | GDP=883.435
FLEX: 2209 2853 2746 2801 2861 | ACC: -3972 13900 -7684 | GYRO: -1186 -752 -374 | GDP=1453.264
FLEX: 2004 2864 2752 2796 2879 | ACC: -4724 13904 -6888 | GYRO: -520 -477 -289 | GDP=762.529
FLEX: 2205 2877 2765 2806 2864 | ACC: -4920 13868 -6452 | GYRO: -393 176 29 | GDP=431.585
FLEX: 1977 2899 2737 2814 2875 | ACC: -5364 13988 -6196 | GYRO: 328 -696 -7 | GDP=769.447
FLEX: 2208 2859 2804 2800 2864 | ACC: -5412 14416 -6988 | GYRO: 575 -101 1797 | GDP=1889.454
FLEX: 2010 2869 2767 2768 2875 | ACC: -4980 14496 -7412 | GYRO: 468 -290 2566 | GDP=2624.401
FLEX: 2191 2886 2748 2832 2878 | ACC: -4184 14564 -7572 | GYRO: 340 -464 3383 | GDP=3431.557
FLEX: 2000 2893 2767 2800 2880 | ACC: -2964 14748 -8280 | GYRO: -1697 -1291 2803 | GDP=3521.832
FLEX: 2227 2883 2756 2801 2830 | ACC: -2652 14208 -6404 | GYRO: -608 -2253 1932 | GDP=3029.570
FLEX: 1986 2910 2757 2757 2880 | ACC: -2804 14108 -6348 | GYRO: -849 -2255 957 | GDP=2592.619
FLEX: 2258 2897 2757 2783 2852 | ACC: -3476 14000 -4916 | GYRO: 1091 -1827 926 | GDP=2320.708
FLEX: 1983 2889 2774 2751 2880 | ACC: -2844 14380 -5956 | GYRO: 187 -613 1406 | GDP=1545.178
FLEX: 2254 2892 2768 2807 2876 | ACC: -2700 14280 -6204 | GYRO: 2013 -888 1254 | GDP=2532.435
FLEX: 1968 2890 2756 2800 2910 | ACC: -2444 14044 -5588 | GYRO: 2494 -544 1013 | GDP=2746.296
FLEX: 2273 2867 2737 2818 2865 | ACC: -2488 14280 -6828 | GYRO: 2790 64 1002 | GDP=2965.164
FLEX: 1966 2926 2762 2809 2867 | ACC: -2760 14880 -6976 | GYRO: 768 1434 758 | GDP=1794.643
FLEX: 2285 2858 2743 2800 2887 | ACC: -2592 14948 -7460 | GYRO: -24 800 221 | GDP=830.311
FLEX: 1974 2896 2722 2810 2896 | ACC: -2744 14660 -6644 | GYRO: 36 293 517 | GDP=595.344
FLEX: 2283 2883 2743 2872 2882 | ACC: -2672 14836 -7068 | GYRO: 108 462 585 | GDP=753.215
FLEX: 1936 2880 2766 2806 2858 | ACC: -2232 14408 -6096 | GYRO: -27 -237 9 | GDP=238.703
FLEX: 2321 2864 2789 2778 2870 | ACC: -2628 14548 -6012 | GYRO: 948 37 44 | GDP=949.742
FLEX: 1951 2882 2768 2833 2871 | ACC: -1640 14884 -6624 | GYRO: 42 -493 -16 | GDP=495.044
FLEX: 2299 2862 2736 2816 2881 | ACC: -2048 14672 -6224 | GYRO: -117 -577 -448 | GDP=739.812
FLEX: 1928 2894 2752 2818 2865 | ACC: -1532 14716 -6544 | GYRO: -448 -181 -731 | GDP=876.257
FLEX: 2330 2882 2767 2772 2877 | ACC: -636 14580 -7076 | GYRO: -3 667 -1265 | GDP=1430.078
FLEX: 1954 2875 2736 2826 2850 | ACC: -560 14596 -6636 | GYRO: -75 2578 -2288 | GDP=3447.703
FLEX: 2319 2909 2751 2790 2865 | ACC: -2040 14180 -5432 | GYRO: -307 591 -4134 | GDP=4187.301
FLEX: 1931 2879 2750 2807 2867 | ACC: -2496 14216 -6740 | GYRO: 402 3916 -3338 | GDP=5161.289
FLEX: 2333 2877 2742 2801 2871 | ACC: -4188 14164 -5844 | GYRO: 1055 1601 -3363 | GDP=3871.175
FLEX: 1959 2879 2763 2799 2857 | ACC: -4748 14320 -5868 | GYRO: 1315 3793 -1706 | GDP=4361.939
FLEX: 2304 2885 2733 2787 2870 | ACC: -4772 14684 -6012 | GYRO: 1729 2050 -1583 | GDP=3114.134
FLEX: 1945 2850 2710 2804 2854 | ACC: -5772 14392 -5488 | GYRO: 1231 825 -1199 | GDP=1906.197
