# label=Five
# timestamp=1763139411.6885426
# format: FLEX: f1 f2 f3 f4 f5 | ACC: ax ay az | GYRO: gx gy gz | GDP=val
FLEX: 2407 2063 2189 2075 2192 | ACC: -11332 5464 8496 | GYRO: -1036 1513 1198 | GDP=2190.358
FLEX: 2445 2094 2178 2064 2192 | ACC: -12124 5440 10920 | GYRO: 860 -928 -385 | GDP=1322.501
FLEX: 2427 2081 2141 2060 2214 | ACC: -10912 5784 8892 | GYRO: -318 -118 246 | GDP=419.004
FLEX: 2433 2128 2173 2064 2194 | ACC: -11652 5224 10904 | GYRO: -789 327 184 | GDP=873.674
FLEX: 2435 2082 2176 2075 2212 | ACC: -11152 4984 10364 | GYRO: -527 81 197 | GDP=568.418
FLEX: 2431 2073 2177 2077 2199 | ACC: -11088 5032 10800 | GYRO: -93 -479 -215 | GDP=533.212
FLEX: 2422 2064 2176 2096 2224 | ACC: -11492 4928 10608 | GYRO: 830 747 -60 | GDP=1118.262
FLEX: 2422 2093 2190 2055 2208 | ACC: -11436 5276 10016 | GYRO: 979 363 -32 | GDP=1044.621
FLEX: 2432 2085 2192 2034 2192 | ACC: -11640 5216 10516 | GYRO: 1012 1712 95 | GDP=1991.008
FLEX: 2432 2099 2178 2069 2195 | ACC: -11872 5256 9960 | GYRO: 1124 892 309 | GDP=1467.829
FLEX: 2426 2093 2207 2094 2207 | ACC: -11712 5204 10140 | GYRO: 1005 663 260 | GDP=1231.744
FLEX: 2446 2074 2193 2064 2207 | ACC: -11416 5364 9884 | GYRO: 1679 436 -156 | GDP=1741.687
FLEX: 2420 2099 2194 2081 2224 | ACC: -12132 5640 9828 | GYRO: 1056 786 453 | GDP=1392.171
FLEX: 2419 2092 2177 2114 2221 | ACC: -12072 5484 9664 | GYRO: 1064 459 -117 | GDP=1164.674
FLEX: 2406 2064 2143 2064 2219 | ACC: -11740 5724 8836 | GYRO: 638 2633 482 | GDP=2751.737
FLEX: 2422 2100 2168 2067 2218 | ACC: -12792 5544 10540 | GYRO: 587 2557 367 | GDP=2649.058
FLEX: 2407 2067 2204 2093 2190 | ACC: -11992 5432 8572 | GYRO: 473 1962 790 | GDP=2167.319
FLEX: 2431 2093 2178 2045 2206 | ACC: -12588 5504 9512 | GYRO: 1272 4071 1155 | GDP=4418.716
FLEX: 2416 2112 2145 2066 2202 | ACC: -12064 5876 8236 | GYRO: 1240 4651 1388 | GDP=5009.585
FLEX: 2421 2083 2175 2075 2171 | ACC: -12984 5924 7468 | GYRO: 176 11126 2631 | GDP=11434.203
FLEX: 2414 2066 2181 2101 2204 | ACC: -13412 6340 6224 | GYRO: 747 10888 3603 | GDP=11492.961
FLEX: 2419 2078 2176 2054 2195 | ACC: -15188 6464 6520 | GYRO: 1002 13371 4152 | GDP=14036.622
FLEX: 2413 2070 2160 2064 2192 | ACC: -15096 7032 4756 | GYRO: -7 10691 4130 | GDP=11460.996
FLEX: 2416 2107 2172 2057 2171 | ACC: -14604 6812 4740 | GYRO: 159 7026 3066 | GDP=7667.484
FLEX: 2417 2097 2157 2071 2174 | ACC: -13584 7496 3428 | GYRO: 1382 3105 3509 | GDP=4885.083
FLEX: 2426 2095 2187 2053 2190 | ACC: -13028 7536 3352 | GYRO: 736 4162 1221 | GDP=4399.407
FLEX: 2382 2158 2169 2078 2165 | ACC: -13116 7480 2900 | GYRO: 168 -989 374 | GDP=1070.617
FLEX: 2386 2067 2177 2000 2192 | ACC: -13608 7972 2984 | GYRO: 1018 -361 -357 | GDP=1137.583
FLEX: 2412 2064 2151 2059 2175 | ACC: -13824 7788 3104 | GYRO: 522 -1066 -833 | GDP=1450.079
FLEX: 2371 2006 2179 2007 2160 | ACC: -14244 7716 2708 | GYRO: 636 -119 -531 | GDP=837.029
FLEX: 2393 2062 2190 2075 2138 | ACC: -14628 7664 3032 | GYRO: 854 -1624 -148 | GDP=1840.814
FLEX: 2431 2094 2146 2029 2193 | ACC: -13800 7804 3140 | GYRO: 1121 934 326 | GDP=1495.083
FLEX: 2382 2073 2116 2079 2162 | ACC: -13800 7588 2844 | GYRO: 455 -1614 -784 | GDP=1851.129
FLEX: 2401 2062 2192 2039 2160 | ACC: -13796 7808 2532 | GYRO: 519 414 25 | GDP=664.366
FLEX: 2400 2069 2160 2064 2256 | ACC: -13884 7684 3060 | GYRO: 855 -1043 -237 | GDP=1369.322
FLEX: 2416 2046 2150 2034 2141 | ACC: -13844 7632 3280 | GYRO: 476 388 -132 | GDP=628.127
FLEX: 2395 2007 2177 2093 2172 | ACC: -14236 7572 3544 | GYRO: 551 -1734 -511 | GDP=1889.835
FLEX: 2385 2067 2171 2032 2154 | ACC: -13992 7524 3308 | GYRO: 987 267 80 | GDP=1025.601
FLEX: 2426 2079 2176 2067 2165 | ACC: -13924 7636 3472 | GYRO: 1074 -187 89 | GDP=1093.785
FLEX: 2401 2098 2160 2023 2163 | ACC: -13580 7792 2672 | GYRO: 481 148 -172 | GDP=531.836
FLEX: 2413 2037 2207 2064 2154 | ACC: -15044 7408 3984 | GYRO: 921 -2308 -679 | GDP=2576.072
FLEX: 2419 2077 2156 2030 2157 | ACC: -19520 7120 7952 | GYRO: 2262 -17741 -2497 | GDP=18058.094
FLEX: 2383 2064 2156 2095 2173 | ACC: -22944 6544 10064 | GYRO: 3494 -32768 -7265 | GDP=33745.074
FLEX: 2375 2041 2165 2013 2179 | ACC: -8112 9216 508 | GYRO: 892 -32768 -2414 | GDP=32868.906
FLEX: 2453 2041 2157 2096 2194 | ACC: 1432 8416 6624 | GYRO: -3294 -7273 523 | GDP=8001.281
FLEX: 2406 1989 2211 2000 2128 | ACC: -5760 5312 16628 | GYRO: -3069 7207 613 | GDP=7857.186
FLEX: 2411 2101 2169 2079 2199 | ACC: -5536 5944 15188 | GYRO: -1743 -6788 -832 | GDP=7057.423
FLEX: 2414 2064 2191 2002 2166 | ACC: -4420 5616 13444 | GYRO: -2218 -1000 -452 | GDP=2474.637
FLEX: 2443 2079 2170 2066 2125 | ACC: -5920 5320 15548 | GYRO: -916 135 -159 | GDP=939.448
FLEX: 2374 2034 2152 2047 2128 | ACC: -5552 5500 15164 | GYRO: -200 -3420 -658 | GDP=3488.462
FLEX: 2384 2096 2142 2031 2127 | ACC: -5240 4956 15808 | GYRO: -393 -5270 -770 | GDP=5340.435
FLEX: 2428 2062 2143 2011 2194 | ACC: -6192 4512 18120 | GYRO: 307 -13161 -2663 | GDP=13431.223
FLEX: 2413 2062 2207 2059 2192 | ACC: -1692 6044 12492 | GYRO: -285 -20728 -2816 | GDP=20920.350
FLEX: 2418 2087 2160 2000 2107 | ACC: -1844 4692 15912 | GYRO: -1722 -14605 -2876 | GDP=14984.748
FLEX: 2443 2032 2149 2064 2161 | ACC: 1512 5444 13888 | GYRO: -3706 -18557 -3205 | GDP=19192.934
FLEX: 2386 2046 2187 2000 2118 | ACC: 2900 3984 16052 | GYRO: -2047 -2638 -863 | GDP=3448.771
FLEX: 2427 2082 2198 2087 2159 | ACC: 3000 3920 16264 | GYRO: -706 -5245 -896 | GDP=5367.614
FLEX: 2405 2032 2160 2033 2177 | ACC: 2852 3460 16588 | GYRO: 581 7 -21 | GDP=581.422
FLEX: 2444 2096 2146 2091 2160 | ACC: 3060 3772 16360 | GYRO: 1098 -551 -533 | GDP=1339.139
FLEX: 2420 2067 2071 2032 2157 | ACC: 2632 4064 15728 | GYRO: 1617 970 -796 | GDP=2046.755
FLEX: 2399 2066 2150 2064 2152 | ACC: 2828 4276 15392 | GYRO: 489 -1152 -410 | GDP=1316.938
FLEX: 2411 2027 2167 2000 2173 | ACC: 3136 3928 15804 | GYRO: 241 -243 -1010 | GDP=1066.410
FLEX: 2420 2031 2173 2014 2160 | ACC: 3040 3608 16752 | GYRO: 1109 -883 -2182 | GDP=2602.056
FLEX: 2433 2057 2158 2000 2131 | ACC: 4716 4676 15272 | GYRO: 2160 -3586 -5468 | GDP=6886.510
FLEX: 2416 2074 2176 2016 2160 | ACC: 5020 3708 15272 | GYRO: 839 -6847 -7754 | GDP=10378.335
FLEX: 2421 2090 2125 2070 2123 | ACC: 5664 6784 9664 | GYRO: -7713 -3311 -6241 | GDP=10459.597
FLEX: 2384 2059 2153 2064 2182 | ACC: 2572 2556 13652 | GYRO: -10979 -2797 -4748 | GDP=12284.346
FLEX: 2417 2055 2150 2007 2138 | ACC: 2384 2260 17776 | GYRO: -7154 -570 -1605 | GDP=7353.954
FLEX: 2416 2069 2177 2029 2175 | ACC: 2048 608 20096 | GYRO: -2534 -202 -2003 | GDP=3236.351
FLEX: 2405 2039 2188 2010 2167 | ACC: 2656 436 18664 | GYRO: 834 1357 -799 | GDP=1781.967
FLEX: 2416 2074 2176 2033 2191 | ACC: 3344 1416 18072 | GYRO: 2735 37 -565 | GDP=2792.995
FLEX: 2396 2065 2160 1973 2155 | ACC: 4672 1012 17408 | GYRO: 3714 -380 -1072 | GDP=3884.248
FLEX: 2425 2047 2176 2046 2185 | ACC: 6096 1748 16044 | GYRO: 3403 1390 -1974 | GDP=4172.432
FLEX: 2415 2059 2167 1987 2165 | ACC: 5400 1112 17296 | GYRO: 3701 355 -4148 | GDP=5570.397
FLEX: 2432 2073 2175 2000 2175 | ACC: 4456 2200 18024 | GYRO: 5209 -4521 -5006 | GDP=8522.509
FLEX: 2398 2025 2160 1979 2163 | ACC: 5832 32 17488 | GYRO: 7599 -9448 -6863 | GDP=13932.347
FLEX: 2416 2061 2186 1935 2187 | ACC: 5892 2236 15524 | GYRO: 12208 -6942 -7813 | GDP=16070.769
FLEX: 2402 2047 2160 2000 2144 | ACC: 5256 3352 14880 | GYRO: 11597 -9085 -9337 | GDP=17441.537
FLEX: 2418 2064 2180 1985 2172 | ACC: 4980 7420 13228 | GYRO: 8724 -5910 -6162 | GDP=12206.822
FLEX: 2419 2062 2160 1979 2160 | ACC: 6408 7580 12296 | GYRO: 4289 -7785 -6829 | GDP=11208.790
FLEX: 2413 2067 2177 2002 2193 | ACC: 4928 9112 12404 | GYRO: 3595 -4270 -7777 | GDP=9572.809
FLEX: 2409 2062 2170 1974 2148 | ACC: 4712 9340 12596 | GYRO: 3835 -5902 -8245 | GDP=10840.704
FLEX: 2407 2064 2169 2009 2195 | ACC: 3608 10164 12716 | GYRO: 6717 -3197 -8706 | GDP=11451.346
FLEX: 2415 2064 2163 1919 2162 | ACC: 3092 11404 12080 | GYRO: 7355 -2580 -7764 | GDP=11001.460
FLEX: 2417 2059 2166 2004 2167 | ACC: 1608 12532 10352 | GYRO: 5476 -1854 -6170 | GDP=8455.341
FLEX: 2390 2064 2175 1979 2145 | ACC: 944 12392 10524 | GYRO: 5626 -1955 -4976 | GDP=7761.087
FLEX: 2416 2067 2165 2005 2158 | ACC: 764 13688 9724 | GYRO: 3275 -2581 -1661 | GDP=4488.441
FLEX: 2403 2059 2163 1984 2167 | ACC: 2912 12684 8204 | GYRO: 3266 -952 -493 | GDP=3437.457
FLEX: 2415 2058 2177 2000 2174 | ACC: 3416 13520 9088 | GYRO: 5348 -771 -279 | GDP=5410.488
FLEX: 2407 2065 2161 1963 2160 | ACC: 4468 12496 8716 | GYRO: 5625 247 -1215 | GDP=5760.022
FLEX: 2402 2086 2175 2017 2171 | ACC: 3588 14308 7532 | GYRO: 7268 1165 -1441 | GDP=7500.502
FLEX: 2416 2063 2160 1963 2180 | ACC: 3592 14336 6796 | GYRO: 3347 -253 -1596 | GDP=3716.670
FLEX: 2423 2065 2166 2032 2201 | ACC: 3088 14440 6468 | GYRO: 651 1715 507 | GDP=1903.175
FLEX: 2413 2057 2173 1977 2160 | ACC: 3484 13668 7788 | GYRO: 1641 -966 470 | GDP=1961.361
FLEX: 2421 2083 2173 2007 2162 | ACC: 3712 13144 7016 | GYRO: 249 3744 1652 | GDP=4099.834
FLEX: 2422 2038 2169 2019 2157 | ACC: 3064 12900 7604 | GYRO: -890 8864 2473 | GDP=9245.448
FLEX: 2438 2060 2177 2014 2177 | ACC: 3348 13448 7652 | GYRO: 2887 9756 5334 | GDP=11487.640
FLEX: 2411 2064 2160 1979 2169 | ACC: -3824 13820 13016 | GYRO: 931 22661 3532 | GDP=22953.490
FLEX: 2414 2063 2162 2014 2182 | ACC: 412 13788 10212 | GYRO: 7499 17884 9657 | GDP=21664.027
FLEX: 2384 2062 2159 1989 2161 | ACC: 1296 14132 10864 | GYRO: 4678 8701 8497 | GDP=13030.353
FLEX: 2416 2082 2169 1994 2147 | ACC: 6052 13684 6808 | GYRO: 5402 8972 8264 | GDP=13340.618
FLEX: 2402 2064 2160 1989 2163 | ACC: 5456 14000 7076 | GYRO: 6211 4852 6035 | GDP=9926.714
FLEX: 2415 2064 2160 1999 2197 | ACC: 6924 15284 5196 | GYRO: 3115 -2118 3361 | GDP=5048.313
FLEX: 2411 2064 2160 1985 2163 | ACC: 7584 14220 3236 | GYRO: 282 -1127 2203 | GDP=2490.554
FLEX: 2418 2064 2182 2001 2179 | ACC: 4724 13200 7664 | GYRO: -1138 2782 1184 | GDP=3230.545
FLEX: 2416 2059 2159 1953 2160 | ACC: 2972 14228 9464 | GYRO: 661 -1649 1157 | GDP=2120.087
FLEX: 2414 2096 2161 2015 2173 | ACC: 3680 13172 6920 | GYRO: 186 3163 1162 | GDP=3374.820
FLEX: 2399 2058 2157 1962 2150 | ACC: 2416 14632 5376 | GYRO: -1000 12706 3555 | GDP=13231.798
FLEX: 2422 2068 2166 2015 2176 | ACC: 6364 13656 -1936 | GYRO: -6516 32767 3749 | GDP=33618.293
FLEX: 2401 2039 2160 1967 2170 | ACC: -3968 13504 656 | GYRO: -17009 32767 3814 | GDP=37115.078
FLEX: 2404 2065 2180 2003 2169 | ACC: -14976 10048 17108 | GYRO: -13937 32767 3397 | GDP=35769.480
FLEX: 2396 2069 2160 1983 2160 | ACC: -12912 9684 18176 | GYRO: -4605 9585 2209 | GDP=10860.844
FLEX: 2411 2080 2171 1986 2180 | ACC: -7816 10748 11216 | GYRO: -2254 2433 2724 | GDP=4291.874
FLEX: 2391 2063 2160 1969 2160 | ACC: -9012 10280 14192 | GYRO: 1091 2330 569 | GDP=2634.946
FLEX: 2447 2075 2162 2016 2185 | ACC: -5156 11092 6608 | GYRO: 957 -11271 1021 | GDP=11357.541
FLEX: 2465 2032 2156 1967 2168 | ACC: -6596 12080 8172 | GYRO: -803 -270 37 | GDP=847.985
FLEX: 2498 2063 2162 2014 2171 | ACC: -5656 11620 6140 | GYRO: -3930 4990 3107 | GDP=7070.958
FLEX: 2489 2045 2167 1967 2169 | ACC: -6720 11292 8672 | GYRO: -5457 8557 2118 | GDP=10367.595
FLEX: 2475 2070 2160 2026 2176 | ACC: -7396 10784 8864 | GYRO: -7850 15070 4173 | GDP=17496.895
FLEX: 2455 2059 2166 1967 2170 | ACC: -10328 10352 12000 | GYRO: -7243 13103 4002 | GDP=15497.279
FLEX: 2458 2058 2171 1995 2177 | ACC: -8756 9180 9212 | GYRO: -6057 16127 7256 | GDP=18692.697
FLEX: 2422 2061 2159 1971 2163 | ACC: -10752 9492 11504 | GYRO: -6706 10694 5457 | GDP=13751.761
FLEX: 2432 2062 2166 2000 2192 | ACC: -9840 7388 13404 | GYRO: -4173 4038 -953 | GDP=5884.521
FLEX: 2418 2058 2158 1968 2177 | ACC: -8884 8328 12376 | GYRO: -2412 -3217 1161 | GDP=4185.063
FLEX: 2419 2067 2196 1996 2182 | ACC: -7628 8520 10904 | GYRO: 284 2743 940 | GDP=2913.469
FLEX: 2418 2091 2160 1984 2146 | ACC: -9880 8704 10696 | GYRO: 1481 2456 227 | GDP=2876.947
FLEX: 2417 2101 2157 2001 2164 | ACC: -10124 9136 9132 | GYRO: 2145 1429 276 | GDP=2592.150
FLEX: 2407 2064 2174 1982 2173 | ACC: -9776 9444 9104 | GYRO: 1659 -677 683 | GDP=1917.576
FLEX: 2405 2064 2189 2002 2160 | ACC: -8188 9980 7936 | GYRO: 1256 1126 757 | GDP=1848.908
FLEX: 2426 2062 2159 1982 2177 | ACC: -9472 10284 8700 | GYRO: 646 1941 535 | GDP=2114.479
FLEX: 2415 2039 2176 2005 2165 | ACC: -9992 10380 8524 | GYRO: -34 3360 956 | GDP=3493.521
FLEX: 2422 2037 2181 1986 2150 | ACC: -10684 10108 9544 | GYRO: -267 3138 1671 | GDP=3565.189
FLEX: 2418 2045 2157 2010 2175 | ACC: -17732 8640 17848 | GYRO: 4635 -27185 -3611 | GDP=27812.709
FLEX: 2422 2062 2162 1977 2178 | ACC: -11188 9820 7740 | GYRO: 303 -32768 -4448 | GDP=33069.898
FLEX: 2448 2063 2141 1990 2182 | ACC: 2564 11240 1152 | GYRO: -1537 -32768 -2395 | GDP=32891.340
FLEX: 2439 2037 2163 1983 2164 | ACC: 6688 9524 9436 | GYRO: -6204 -13125 1015 | GDP=14552.851
FLEX: 2432 2082 2178 2000 2171 | ACC: 2024 8364 18584 | GYRO: -3139 -6913 572 | GDP=7613.808
FLEX: 2418 2067 2158 1979 2167 | ACC: 5504 8532 14180 | GYRO: -2003 -12738 1746 | GDP=13012.193
FLEX: 2435 2064 2167 2006 2179 | ACC: 6928 8248 13268 | GYRO: -1434 -2015 1436 | GDP=2859.839
FLEX: 2417 2039 2149 1974 2183 | ACC: 4776 7844 14480 | GYRO: -536 -3590 846 | GDP=3727.078
FLEX: 2437 2070 2166 2003 2181 | ACC: 6248 7408 12568 | GYRO: -312 -3047 564 | GDP=3114.426
FLEX: 2422 2061 2165 1982 2165 | ACC: 5252 7432 13924 | GYRO: 47 -3409 222 | GDP=3416.544
FLEX: 2423 2064 2166 2007 2172 | ACC: 7616 7916 11900 | GYRO: -288 -4223 258 | GDP=4240.665
FLEX: 2411 2061 2169 1963 2170 | ACC: 6536 8240 13868 | GYRO: 626 -336 -311 | GDP=775.560
FLEX: 2426 2064 2171 1995 2165 | ACC: 6788 8180 13940 | GYRO: 1985 -2305 -529 | GDP=3087.570
FLEX: 2427 2061 2177 1979 2161 | ACC: 7124 8672 12940 | GYRO: 3557 1002 -668 | GDP=3755.326
FLEX: 2446 2057 2157 2005 2175 | ACC: 6932 8872 12656 | GYRO: 3602 -495 -669 | GDP=3696.889
FLEX: 2410 2057 2170 1974 2163 | ACC: 5040 8640 14060 | GYRO: 3825 -805 -1222 | GDP=4095.355
FLEX: 2448 2070 2187 2014 2185 | ACC: 6664 9380 11396 | GYRO: 3930 -4236 -337 | GDP=5788.105
FLEX: 2431 2065 2142 1999 2175 | ACC: 7332 9688 11248 | GYRO: 2231 -4264 -362 | GDP=4825.982
FLEX: 2438 2083 2176 2010 2191 | ACC: 8344 10400 10052 | GYRO: 593 -9181 -614 | GDP=9220.597
FLEX: 2419 2064 2160 1984 2172 | ACC: 9344 10116 10144 | GYRO: -1832 -8970 -1700 | GDP=9311.666
FLEX: 2441 2074 2169 2025 2171 | ACC: 11168 10388 7624 | GYRO: 1422 -5949 -1335 | GDP=6260.583
FLEX: 2413 2058 2158 1994 2171 | ACC: 10196 9400 9204 | GYRO: -336 -1355 -2009 | GDP=2446.426
FLEX: 2433 2064 2154 2014 2176 | ACC: 9084 9424 9324 | GYRO: -1115 1639 -2017 | GDP=2828.044
FLEX: 2423 2032 2167 1952 2161 | ACC: 8044 8552 9704 | GYRO: -2227 875 -2355 | GDP=3357.258
FLEX: 2446 2034 2174 2006 2171 | ACC: 7888 8148 9800 | GYRO: -2376 786 -1971 | GDP=3185.595
FLEX: 2424 2058 2175 1990 2171 | ACC: 7276 7600 10844 | GYRO: -2623 370 -1214 | GDP=2913.902
FLEX: 2426 2047 2177 2005 2181 | ACC: 7668 6876 10760 | GYRO: -999 1499 -1029 | GDP=2074.571
FLEX: 2421 2066 2179 1978 2160 | ACC: 7644 7104 11148 | GYRO: -3644 -805 -1846 | GDP=4163.469
FLEX: 2432 2006 2160 2010 2182 | ACC: 8684 6524 10468 | GYRO: -2786 2068 -3014 | GDP=4595.935
FLEX: 2427 2047 2145 1983 2165 | ACC: 7784 8348 11880 | GYRO: -6571 4391 -2670 | GDP=8341.932
FLEX: 2423 2029 2159 2022 2167 | ACC: 6024 7032 17132 | GYRO: -7017 3197 -1032 | GDP=7779.725
FLEX: 2426 2055 2148 1955 2160 | ACC: 6708 7668 14856 | GYRO: -2268 4205 -1530 | GDP=5016.647
FLEX: 2427 2066 2167 2005 2189 | ACC: 6244 7896 14288 | GYRO: -3459 3574 -1760 | GDP=5275.960
FLEX: 2451 2067 2175 1976 2189 | ACC: 3352 7464 19268 | GYRO: -1321 5062 -2460 | GDP=5781.045
FLEX: 2423 2064 2169 1985 2163 | ACC: 5476 6748 15208 | GYRO: 914 1572 -2032 | GDP=2726.830
FLEX: 2419 2042 2176 1968 2173 | ACC: 3548 7252 15872 | GYRO: 2157 2478 -1663 | GDP=3682.214
FLEX: 2431 2063 2160 2014 2182 | ACC: 4096 7312 13416 | GYRO: 2052 499 -507 | GDP=2171.809
FLEX: 2439 2042 2160 1975 2128 | ACC: 3472 7860 13852 | GYRO: 97 1055 18 | GDP=1059.603
FLEX: 2421 2038 2182 1986 2166 | ACC: 5224 7376 12788 | GYRO: -711 -541 345 | GDP=957.720
FLEX: 2406 2036 2171 1958 2159 | ACC: 3956 6784 15528 | GYRO: -464 1032 -595 | GDP=1278.415
FLEX: 2446 2067 2160 2014 2165 | ACC: 5204 6932 13992 | GYRO: -49 -610 2 | GDP=611.968
FLEX: 2433 2053 2158 1981 2169 | ACC: 4736 6988 14680 | GYRO: -401 974 -599 | GDP=1211.725
FLEX: 2448 2054 2160 2002 2122 | ACC: 3844 7176 14340 | GYRO: 131 408 -472 | GDP=637.502
FLEX: 2423 2045 2154 1986 2161 | ACC: 3860 6884 14244 | GYRO: -668 534 -324 | GDP=914.525
FLEX: 2445 2069 2174 2015 2163 | ACC: 3380 7152 14932 | GYRO: -167 49 310 | GDP=355.514
FLEX: 2406 2055 2160 1972 2183 | ACC: 3832 6520 15200 | GYRO: -857 -3 565 | GDP=1026.491
FLEX: 2436 2046 2166 2019 2182 | ACC: 4316 6200 15532 | GYRO: 276 -1273 359 | GDP=1351.142
FLEX: 2433 2043 2155 1970 2167 | ACC: 4416 6300 15316 | GYRO: 891 292 239 | GDP=967.608
FLEX: 2431 2057 2179 2005 2191 | ACC: 4528 6468 14492 | GYRO: 390 32 100 | GDP=403.886
FLEX: 2432 2031 2176 1973 2176 | ACC: 4064 6532 15008 | GYRO: 174 -139 370 | GDP=431.853
FLEX: 2437 2062 2189 1990 2171 | ACC: 4732 6612 14196 | GYRO: -531 357 468 | GDP=792.738
FLEX: 2429 2045 2160 1991 2179 | ACC: 4048 6148 15076 | GYRO: -498 1462 134 | GDP=1550.292
FLEX: 2432 2064 2161 2012 2169 | ACC: 3768 6044 15584 | GYRO: -91 -414 -80 | GDP=431.366
FLEX: 2434 2042 2187 1965 2167 | ACC: 4260 5876 15248 | GYRO: 148 -42 646 | GDP=664.066
FLEX: 2431 2054 2177 2010 2170 | ACC: 4144 6256 15152 | GYRO: 1330 -85 -182 | GDP=1345.083
FLEX: 2425 2044 2165 1977 2170 | ACC: 3984 6108 14820 | GYRO: 462 1463 296 | GDP=1562.507
FLEX: 2407 2059 2171 2006 2179 | ACC: 3692 6116 15320 | GYRO: 238 -982 441 | GDP=1102.474
FLEX: 2416 2047 2149 2000 2160 | ACC: 4484 6076 14784 | GYRO: 670 303 474 | GDP=874.863
FLEX: 2425 2069 2168 2005 2171 | ACC: 4384 6312 14656 | GYRO: 726 -198 114 | GDP=761.102
FLEX: 2426 2054 2150 1970 2159 | ACC: 4172 5740 15448 | GYRO: 251 6 185 | GDP=311.869
FLEX: 2423 2068 2144 1982 2183 | ACC: 4704 5912 15076 | GYRO: 672 -541 -195 | GDP=884.472
FLEX: 2432 2039 2166 1942 2181 | ACC: 4600 6120 14572 | GYRO: 695 667 -608 | GDP=1139.113
FLEX: 2451 2075 2195 1999 2173 | ACC: 3848 6064 14832 | GYRO: 321 152 -525 | GDP=633.853
FLEX: 2433 2042 2160 1978 2159 | ACC: 3920 5728 15072 | GYRO: 194 -31 180 | GDP=266.453
FLEX: 2439 2046 2174 1998 2153 | ACC: 3884 6396 15000 | GYRO: 592 -141 -217 | GDP=646.091
FLEX: 2415 2032 2178 1967 2155 | ACC: 3948 5924 14932 | GYRO: 327 552 173 | GDP=664.501
FLEX: 2427 2063 2170 2000 2199 | ACC: 4292 5676 15224 | GYRO: 21 -585 65 | GDP=588.975
FLEX: 2409 2054 2165 1955 2146 | ACC: 4632 5516 15396 | GYRO: 466 895 -9 | GDP=1009.090
FLEX: 2427 2063 2154 2010 2183 | ACC: 4812 6164 14592 | GYRO: 1025 520 -815 | GDP=1408.989
FLEX: 2430 2055 2161 1984 2163 | ACC: 3880 5920 14744 | GYRO: 429 1969 -698 | GDP=2132.652
FLEX: 2439 2037 2182 2013 2167 | ACC: 3908 5828 14548 | GYRO: -3 3492 -241 | GDP=3500.308
FLEX: 2418 2032 2161 1972 2152 | ACC: 3672 6040 14572 | GYRO: -279 8301 -218 | GDP=8308.548
FLEX: 2437 2063 2174 1983 2187 | ACC: 1352 5828 16612 | GYRO: 235 -430 -727 | GDP=876.729
FLEX: 2435 2046 2159 1984 2122 | ACC: 3352 5500 14772 | GYRO: -43 1442 -540 | GDP=1540.394
FLEX: 2437 2069 2133 1968 2176 | ACC: 1488 5196 17200 | GYRO: 701 2752 -456 | GDP=2876.255
FLEX: 2421 2063 2161 2014 2183 | ACC: 2196 5836 15040 | GYRO: 1353 -214 -973 | GDP=1680.218
FLEX: 2435 2070 2162 2000 2167 | ACC: 1288 6056 15104 | GYRO: 902 1085 -420 | GDP=1472.151
FLEX: 2417 2029 2178 1991 2175 | ACC: 1352 6128 14584 | GYRO: 581 816 -273 | GDP=1038.242
FLEX: 2448 2038 2152 1994 2176 | ACC: 1588 5668 14832 | GYRO: -105 3914 73 | GDP=3916.089
FLEX: 2402 2000 2183 1999 2144 | ACC: 1508 5884 15412 | GYRO: -3029 790 164 | GDP=3134.619
FLEX: 2448 2042 2154 2007 2187 | ACC: 2056 5368 15072 | GYRO: -5188 10458 1082 | GDP=11724.155
FLEX: 2416 2036 2047 1911 2211 | ACC: 616 3956 16728 | GYRO: -1735 14513 1916 | GDP=14741.386
FLEX: 2437 2017 2197 1952 2197 | ACC: -2056 4200 17260 | GYRO: 90 9404 940 | GDP=9451.292
FLEX: 2415 2023 2133 1975 2207 | ACC: -2748 3972 17076 | GYRO: 2070 2189 -535 | GDP=3059.877
FLEX: 2409 2053 2183 1975 2198 | ACC: -2092 4196 15932 | GYRO: 1730 -550 -2508 | GDP=3096.040
FLEX: 2413 2070 2172 1966 2150 | ACC: -2696 4956 16380 | GYRO: 1592 -3732 -3852 | GDP=5594.657
FLEX: 2448 2005 2183 1991 2168 | ACC: -1920 4528 16584 | GYRO: 1432 -4134 -3479 | GDP=5589.635
FLEX: 2399 2037 2118 1930 2162 | ACC: -476 4856 15608 | GYRO: 1598 -744 -2491 | GDP=3051.593
FLEX: 2447 2029 2274 1986 2175 | ACC: -1844 5152 15588 | GYRO: 2981 4593 -1180 | GDP=5601.286
FLEX: 2416 1998 2128 1978 2128 | ACC: -1416 5616 12180 | GYRO: 2339 13809 -140 | GDP=14006.392
FLEX: 2397 1997 2148 1966 2192 | ACC: -5084 5604 12676 | GYRO: 612 25353 3042 | GDP=25542.178
FLEX: 2421 2064 2139 1991 2147 | ACC: -9368 7024 10444 | GYRO: 173 32767 7062 | GDP=33519.816
FLEX: 2383 2023 2176 1964 2186 | ACC: -14824 3840 15928 | GYRO: 331 27332 6371 | GDP=28066.660
FLEX: 2398 2059 2160 1979 2161 | ACC: -13516 6272 11092 | GYRO: -307 14249 4495 | GDP=14944.340
FLEX: 2384 1979 2147 1939 2183 | ACC: -12052 7084 9972 | GYRO: 3286 2124 1295 | GDP=4121.431
FLEX: 2407 2025 2166 1954 2177 | ACC: -9964 6620 8424 | GYRO: 1273 3395 1186 | GDP=3814.859
FLEX: 2375 2033 2159 1923 2176 | ACC: -12192 6648 9472 | GYRO: 1247 2985 51 | GDP=3235.403
FLEX: 2421 1982 2124 1957 2166 | ACC: -12536 6500 9432 | GYRO: 1142 -1873 -1119 | GDP=2462.611
FLEX: 2397 2069 2119 2018 2160 | ACC: -11044 7416 5904 | GYRO: -289 6324 976 | GDP=6405.394
FLEX: 2387 2038 2174 1951 2159 | ACC: -14360 5984 10676 | GYRO: 1622 1505 -601 | GDP=2292.839
FLEX: 2347 2018 2175 1982 2142 | ACC: -12508 6556 7608 | GYRO: 1435 -266 1010 | GDP=1774.847
FLEX: 2368 2007 2131 2032 2185 | ACC: -12988 6748 9540 | GYRO: 1999 -1162 565 | GDP=2380.225
FLEX: 2396 2058 2128 2000 2163 | ACC: -10044 7932 4952 | GYRO: 2650 4827 2864 | GDP=6206.845
FLEX: 2377 2047 2140 1983 2176 | ACC: -14856 7896 7240 | GYRO: 3878 23618 7677 | GDP=25135.336
FLEX: 2423 1988 2153 1982 2166 | ACC: -16448 9952 -3824 | GYRO: 6434 32767 18486 | GDP=38168.113
FLEX: 2420 2035 2155 1958 2184 | ACC: -21620 9656 7272 | GYRO: 5595 22210 15434 | GDP=27618.770
FLEX: 2400 1989 2149 1970 2197 | ACC: -10632 11188 -4872 | GYRO: 2894 1293 9663 | GDP=10169.595
FLEX: 2377 2092 2153 1993 2176 | ACC: -10616 11796 -2628 | GYRO: -1600 -2873 6276 | GDP=7085.358
FLEX: 2387 2000 2157 1968 2181 | ACC: -8596 12196 -1960 | GYRO: -1261 -1959 5018 | GDP=5532.461
FLEX: 2400 2020 2155 1991 2174 | ACC: -8592 11616 -204 | GYRO: 2221 874 5058 | GDP=5592.860
FLEX: 2398 2014 2147 1971 2207 | ACC: -7028 12488 -3160 | GYRO: 2176 2353 4152 | GDP=5245.063
FLEX: 2364 2017 2155 1966 2192 | ACC: -10304 12668 -2732 | GYRO: 2012 2672 2834 | GDP=4383.980
FLEX: 2382 2032 2173 1951 2128 | ACC: -10888 13116 -7152 | GYRO: 965 5503 4558 | GDP=7210.381
FLEX: 2371 2037 2175 1977 2165 | ACC: -12624 14028 -6612 | GYRO: -1828 3884 7713 | GDP=8827.084
FLEX: 2391 2032 2190 1967 2167 | ACC: -9956 13776 -7048 | GYRO: -3602 1722 10559 | GDP=11288.586
FLEX: 2405 2015 2160 1979 2167 | ACC: -9212 14672 -5388 | GYRO: -7755 786 11875 | GDP=14204.698
FLEX: 2410 2019 2138 1991 2166 | ACC: -5448 15180 -2348 | GYRO: -10768 -4787 14090 | GDP=18368.268
FLEX: 2413 2027 2165 1957 2183 | ACC: -416 13372 4372 | GYRO: -9939 -4563 11837 | GDP=16115.808
FLEX: 2409 2039 2173 1981 2163 | ACC: 2472 13988 3996 | GYRO: -3113 -3767 8357 | GDP=9680.936
FLEX: 2397 2015 2133 1965 2169 | ACC: 368 15552 4128 | GYRO: -2198 -4741 4178 | GDP=6690.588
FLEX: 2389 2021 2162 1970 2177 | ACC: 2456 15412 2140 | GYRO: -1815 -5507 1938 | GDP=6113.683
FLEX: 2397 2030 2182 1964 2182 | ACC: -228 15852 3772 | GYRO: 14 -4279 248 | GDP=4286.204
FLEX: 2396 2017 2151 1982 2167 | ACC: -760 16376 1748 | GYRO: 533 -4284 -298 | GDP=4327.303
FLEX: 2388 2040 2167 1952 2160 | ACC: -2504 16544 2120 | GYRO: -74 -4844 -950 | GDP=4936.832
FLEX: 2387 2034 2160 2016 2165 | ACC: -3844 17200 2876 | GYRO: -1764 -8467 -904 | GDP=8695.919
FLEX: 2389 2032 2167 1983 2192 | ACC: -2108 16884 888 | GYRO: -213 -4655 1553 | GDP=4911.843
FLEX: 2384 2027 2192 1983 2163 | ACC: 756 15828 828 | GYRO: -1398 -2200 1897 | GDP=3223.820
FLEX: 2402 2036 2173 1965 2195 | ACC: 3556 14508 620 | GYRO: -383 -1789 1285 | GDP=2235.718
FLEX: 2382 2085 2163 1968 2173 | ACC: 2896 14768 644 | GYRO: 377 -62 -336 | GDP=508.792
FLEX: 2399 2034 2159 1937 2177 | ACC: 756 15516 2104 | GYRO: 558 -934 -934 | GDP=1433.902
FLEX: 2355 2021 2151 1995 2176 | ACC: 1264 16392 1880 | GYRO: -286 -869 64 | GDP=917.089
FLEX: 2411 2057 2150 1947 2187 | ACC: 860 17032 2864 | GYRO: 213 1295 937 | GDP=1612.564
FLEX: 2378 2043 2134 1971 2180 | ACC: 1216 17264 3184 | GYRO: -153 184 1146 | GDP=1170.718
FLEX: 2384 2046 2141 1968 2176 | ACC: 1384 16856 3600 | GYRO: -316 1127 690 | GDP=1358.707
FLEX: 2375 2019 2155 1981 2147 | ACC: 868 16548 3864 | GYRO: -443 1000 326 | GDP=1141.282
FLEX: 2379 2045 2158 1959 2177 | ACC: 820 16372 4320 | GYRO: 618 790 -731 | GDP=1241.122
FLEX: 2375 2032 2172 1957 2150 | ACC: 1064 15988 5572 | GYRO: 405 1636 -1217 | GDP=2078.848
FLEX: 2385 2043 2166 1956 2160 | ACC: 900 15132 8832 | GYRO: 1418 -2876 -3208 | GDP=4535.787
FLEX: 2368 2021 2161 1995 2153 | ACC: 1096 15064 5488 | GYRO: 6677 -332 -4182 | GDP=7885.536
FLEX: 2361 2054 2149 1968 2167 | ACC: -1752 15080 1348 | GYRO: 8037 937 -5404 | GDP=9730.085
FLEX: 2372 2033 2160 1976 2167 | ACC: -4156 16280 -3304 | GYRO: 6076 -714 -4270 | GDP=7460.595
FLEX: 2381 2027 2171 1943 2174 | ACC: -4804 16188 -2232 | GYRO: 2318 -785 -4009 | GDP=4696.959
FLEX: 2343 2038 2176 1974 2154 | ACC: -3932 18512 -2952 | GYRO: 570 -511 -1629 | GDP=1799.906
FLEX: 2367 2033 2160 1979 2131 | ACC: -3792 19000 -144 | GYRO: -1381 -1012 -195 | GDP=1723.174
FLEX: 2368 2033 2134 1949 2161 | ACC: -1784 17532 652 | GYRO: -1458 410 657 | GDP=1650.913
FLEX: 2383 2045 2152 1978 2187 | ACC: -2084 16432 1424 | GYRO: -1104 978 104 | GDP=1478.552
FLEX: 2384 2032 2167 1983 2156 | ACC: -3088 15516 1420 | GYRO: -354 1279 769 | GDP=1533.792
FLEX: 2384 2023 2150 1979 2159 | ACC: -2316 14320 1160 | GYRO: 67 1637 2203 | GDP=2745.445
FLEX: 2373 2020 2167 1972 2144 | ACC: -3020 14168 -272 | GYRO: 694 2857 2755 | GDP=4029.157
FLEX: 2388 2031 2171 1966 2178 | ACC: -2720 13996 424 | GYRO: -1231 2447 3945 | GDP=4802.728
FLEX: 2381 2022 2170 1966 2169 | ACC: -1156 13748 2352 | GYRO: -1253 2495 4068 | GDP=4933.929
FLEX: 2384 2026 2163 1974 2185 | ACC: -904 13808 4044 | GYRO: -52 1343 2114 | GDP=2505.065
FLEX: 2373 2018 2144 1967 2150 | ACC: -572 15508 4792 | GYRO: 1462 598 319 | GDP=1611.462
FLEX: 2383 2019 2147 1987 2190 | ACC: -4612 9688 -1848 | GYRO: 2374 -3280 -3493 | GDP=5347.459
FLEX: 2352 2028 2173 1987 2115 | ACC: -2136 17584 3680 | GYRO: 5478 5 -2363 | GDP=5965.926
FLEX: 2391 1987 2160 1981 2177 | ACC: -1724 15352 -568 | GYRO: 6734 -1074 -4343 | GDP=8084.669
FLEX: 2400 2032 2163 1968 2166 | ACC: -3908 17180 -2580 | GYRO: 6495 -1389 -3390 | GDP=7456.973
FLEX: 2390 2036 2173 1984 2166 | ACC: -4048 17064 -2828 | GYRO: 5386 -1041 -2020 | GDP=5845.774
FLEX: 2377 2027 2176 1995 2179 | ACC: -3680 17572 -4588 | GYRO: 3279 886 -152 | GDP=3399.991
FLEX: 2379 2057 2167 1990 2180 | ACC: -2960 16636 -3756 | GYRO: 1347 2092 1085 | GDP=2714.424
FLEX: 2384 2017 2171 1970 2177 | ACC: -1916 16872 -3320 | GYRO: -504 667 1399 | GDP=1629.756
FLEX: 2387 2041 2176 1991 2173 | ACC: -2056 16392 -2128 | GYRO: -414 2259 1349 | GDP=2663.509
FLEX: 2362 2026 2163 1963 2149 | ACC: -2184 16548 -2264 | GYRO: -829 2321 1577 | GDP=2925.955
FLEX: 2377 2029 2170 1995 2158 | ACC: -2072 16312 -1392 | GYRO: -1408 1351 1273 | GDP=2329.848
FLEX: 2382 2016 2174 1949 2179 | ACC: -652 16172 -1584 | GYRO: -1508 403 820 | GDP=1763.200
FLEX: 2384 2017 2173 1968 2173 | ACC: -28 15968 -1036 | GYRO: -1719 2234 67 | GDP=2819.611
FLEX: 2384 2019 2158 1990 2157 | ACC: 100 15712 -408 | GYRO: -2618 -2938 -3222 | GDP=5085.966
FLEX: 2384 2027 2146 1984 2167 | ACC: -4460 14856 4488 | GYRO: -6403 -13172 -9385 | GDP=17394.775
FLEX: 2369 2026 2160 1955 2161 | ACC: -9148 17380 1568 | GYRO: -15424 -32768 -18371 | GDP=40609.547
FLEX: 2371 2064 2155 1975 2177 | ACC: -2028 16048 -544 | GYRO: -18399 -32768 -17428 | GDP=41424.633
FLEX: 2367 2029 2165 1955 2167 | ACC: 1444 13232 6144 | GYRO: -7453 -12509 -5006 | GDP=15397.479
FLEX: 2384 2063 2169 1984 2178 | ACC: -5376 12224 13052 | GYRO: 228 8390 363 | GDP=8400.943
FLEX: 2367 2019 2160 1991 2176 | ACC: -5464 12236 11740 | GYRO: -847 -5617 -1883 | GDP=5984.462
FLEX: 2376 2028 2169 1995 2181 | ACC: -4100 12500 9884 | GYRO: -1793 -9205 -3973 | GDP=10184.871
FLEX: 2378 2019 2160 1960 2162 | ACC: -4792 12836 10736 | GYRO: -2450 -15946 -5620 | GDP=17083.965
FLEX: 2384 2062 2204 1950 2192 | ACC: -3924 13744 9388 | GYRO: -3261 -23611 -6646 | GDP=24744.348
FLEX: 2378 2021 2159 1967 2160 | ACC: -1916 13012 9432 | GYRO: -3960 -26800 -7416 | GDP=28087.695
FLEX: 2391 2034 2177 2000 2176 | ACC: 556 12564 9112 | GYRO: -757 -21762 -5564 | GDP=22474.781
FLEX: 2391 2025 2143 1947 2161 | ACC: 812 11264 11508 | GYRO: -1897 -18885 -5622 | GDP=19795.170
FLEX: 2335 2047 2176 2014 2172 | ACC: 3096 13172 8364 | GYRO: 568 -28179 -6640 | GDP=28956.316
FLEX: 2367 2036 2182 1939 2148 | ACC: 4724 10912 10152 | GYRO: 742 -18394 -5933 | GDP=19341.414
FLEX: 2385 2047 2159 2013 2171 | ACC: 6592 12872 6992 | GYRO: 5226 -18033 -5996 | GDP=19709.189
FLEX: 2389 2058 2155 1956 2151 | ACC: 5096 11740 10008 | GYRO: 5631 -9524 -4266 | GDP=11858.056
FLEX: 2391 2071 2155 2001 2170 | ACC: 5160 12660 10668 | GYRO: 2003 -2197 -2162 | GDP=3676.012
FLEX: 2383 2034 2160 1963 2152 | ACC: 5128 12800 12008 | GYRO: 3046 -2362 -2607 | GDP=4653.344
FLEX: 2384 2027 2171 1993 2166 | ACC: 4672 12964 11304 | GYRO: 1839 253 -533 | GDP=1931.326
FLEX: 2367 2032 2146 1936 2173 | ACC: 6584 13408 8768 | GYRO: 3813 -944 -1858 | GDP=4345.373
FLEX: 2390 2039 2167 1987 2167 | ACC: 5804 13452 8424 | GYRO: 2012 -2784 -3378 | GDP=4817.643
FLEX: 2378 2013 2158 1985 2160 | ACC: 5708 13496 7904 | GYRO: 709 -2387 -4114 | GDP=4808.893
FLEX: 2388 2029 2170 1981 2177 | ACC: 5580 13436 8244 | GYRO: 681 -2874 -4098 | GDP=5051.459
FLEX: 2368 2042 2165 1959 2164 | ACC: 4492 13516 7936 | GYRO: 3393 1451 -3866 | GDP=5344.512
FLEX: 2385 2042 2174 1989 2166 | ACC: 4224 13564 7252 | GYRO: 4889 4106 -4071 | GDP=7571.961
FLEX: 2381 2020 2137 1947 2163 | ACC: 1808 14652 8092 | GYRO: 3976 -70 -4512 | GDP=6014.285
FLEX: 2375 2057 2159 1947 2171 | ACC: 1568 14780 6180 | GYRO: 4720 3229 -2869 | GDP=6398.125
FLEX: 2382 2029 2160 1936 2198 | ACC: -296 14836 7372 | GYRO: 5850 0 -3139 | GDP=6638.962
FLEX: 2387 2037 2165 1994 2165 | ACC: 120 15796 4288 | GYRO: 3859 969 -884 | GDP=4075.819
FLEX: 2381 2065 2155 1950 2171 | ACC: -156 15788 4820 | GYRO: 4115 971 -494 | GDP=4256.771
FLEX: 2390 2026 2167 1955 2167 | ACC: 576 15468 3684 | GYRO: 1425 1268 1635 | GDP=2512.304
FLEX: 2383 2042 2167 1975 2138 | ACC: 1520 15840 3984 | GYRO: 1050 719 866 | GDP=1539.291
FLEX: 2399 2022 2162 1987 2174 | ACC: 2324 15708 4288 | GYRO: -507 753 1616 | GDP=1853.514
FLEX: 2363 2045 2169 1952 2182 | ACC: 3296 15548 4144 | GYRO: -26 1313 1145 | GDP=1742.317
FLEX: 2385 2039 2177 2033 2176 | ACC: 2396 15468 5108 | GYRO: -1445 928 606 | GDP=1821.111
FLEX: 2374 2029 2128 1981 2123 | ACC: 2200 15212 5916 | GYRO: -1821 789 736 | GDP=2116.662
FLEX: 2390 2035 2126 2000 2128 | ACC: 2088 15300 6856 | GYRO: -1215 -118 436 | GDP=1296.243
FLEX: 2354 2022 2141 1973 2193 | ACC: 2444 15096 5936 | GYRO: -857 875 773 | GDP=1448.310
FLEX: 2388 2030 2160 2007 2167 | ACC: 2428 15240 6476 | GYRO: 558 150 392 | GDP=698.232
FLEX: 2384 2027 2187 1995 2195 | ACC: 2420 15100 6544 | GYRO: -312 135 766 | GDP=838.048
FLEX: 2385 2064 2179 2032 2169 | ACC: 2556 14940 6440 | GYRO: 342 268 646 | GDP=778.527
FLEX: 2357 2032 2128 1979 2125 | ACC: 2644 15044 6488 | GYRO: -130 -213 667 | GDP=712.150
FLEX: 2394 2022 2214 1954 2224 | ACC: 2436 14952 6752 | GYRO: -572 -45 660 | GDP=874.534
FLEX: 2354 2006 2128 1942 2181 | ACC: 2728 14860 6316 | GYRO: -59 -52 561 | GDP=566.486
FLEX: 2387 2042 2162 1987 2159 | ACC: 2568 14820 6220 | GYRO: -274 260 798 | GDP=882.882
FLEX: 2368 1984 2144 1943 2178 | ACC: 2520 14888 6160 | GYRO: -709 1225 1045 | GDP=1759.355
FLEX: 2375 2015 2198 1939 2195 | ACC: 3068 15096 6132 | GYRO: -1246 -263 1143 | GDP=1711.179
FLEX: 2353 2037 2160 1920 2180 | ACC: 3344 14476 6644 | GYRO: -1675 969 697 | GDP=2056.792
FLEX: 2383 1963 2187 1979 2175 | ACC: 3820 14160 6748 | GYRO: -1605 695 593 | GDP=1846.808
FLEX: 2363 2066 2160 1975 2171 | ACC: 3068 13872 9080 | GYRO: 52 1110 -425 | GDP=1189.718
FLEX: 2385 2034 2162 1993 2214 | ACC: 3396 14960 6764 | GYRO: 17 3196 359 | GDP=3216.145
FLEX: 2387 2046 2161 1985 2171 | ACC: 1920 13988 9384 | GYRO: 1584 846 -190 | GDP=1805.788
FLEX: 2394 2039 2151 1984 2179 | ACC: 2952 14156 7356 | GYRO: 502 287 347 | GDP=674.375
FLEX: 2429 2055 2171 1968 2174 | ACC: 3436 14800 7220 | GYRO: -1624 1587 170 | GDP=2277.025
FLEX: 2399 2038 2159 2019 2173 | ACC: 2820 14028 8468 | GYRO: -1616 1996 489 | GDP=2614.305
FLEX: 2421 2031 2187 2023 2171 | ACC: 2644 14092 8628 | GYRO: 862 1224 58 | GDP=1498.194
FLEX: 2414 2034 2170 1993 2191 | ACC: 2380 13960 8124 | GYRO: -1092 345 125 | GDP=1152.004
FLEX: 2387 2064 2171 2030 2151 | ACC: 2776 13928 8840 | GYRO: 11 -206 -24 | GDP=207.685
FLEX: 2403 2015 2163 2017 2181 | ACC: 2132 14068 8640 | GYRO: 1189 1988 -470 | GDP=2363.634
FLEX: 2427 2074 2177 2005 2161 | ACC: 2176 14236 9128 | GYRO: 1461 610 -1420 | GDP=2126.740
FLEX: 2428 2081 2176 2047 2193 | ACC: 2156 15012 6932 | GYRO: 1329 1433 -211 | GDP=1965.770
FLEX: 2423 2069 2180 2089 2208 | ACC: 1352 12972 11324 | GYRO: 15 2274 441 | GDP=2316.416
FLEX: 2426 2098 2162 2047 2206 | ACC: 2572 14140 8328 | GYRO: 1061 -1023 367 | GDP=1518.861
FLEX: 2443 2079 2191 2074 2218 | ACC: 2196 14072 7100 | GYRO: -840 1818 1056 | GDP=2264.036
FLEX: 2434 2103 2163 2090 2243 | ACC: 1492 14352 9428 | GYRO: 128 -1275 154 | GDP=1290.630
FLEX: 2437 2105 2191 2101 2219 | ACC: 2340 14296 7936 | GYRO: -792 488 1529 | GDP=1789.762
FLEX: 2445 2101 2185 2109 2254 | ACC: 1908 13508 7500 | GYRO: -935 654 2022 | GDP=2321.729
FLEX: 2435 2121 2224 2105 2221 | ACC: 2724 13440 9732 | GYRO: 739 -2486 779 | GDP=2707.980
FLEX: 2420 2131 2215 2138 2255 | ACC: 2964 13820 8696 | GYRO: 688 422 497 | GDP=947.859
FLEX: 2454 2119 2218 2123 2269 | ACC: 2572 13492 9528 | GYRO: 478 59 233 | GDP=535.027
FLEX: 2441 2131 2183 2148 2247 | ACC: 2808 13564 8608 | GYRO: 218 218 -214 | GDP=375.292
FLEX: 2448 2112 2185 2116 2263 | ACC: 2388 13828 9452 | GYRO: 203 630 287 | GDP=721.442
FLEX: 2442 2128 2175 2125 2230 | ACC: 2544 13744 8644 | GYRO: 201 -408 128 | GDP=472.492
FLEX: 2437 2125 2213 2128 2269 | ACC: 2512 13524 8788 | GYRO: 79 1124 -116 | GDP=1132.728
FLEX: 2446 2130 2211 2112 2230 | ACC: 2852 13744 8772 | GYRO: 268 -541 -409 | GDP=729.237
FLEX: 2442 2091 2199 2128 2256 | ACC: 2848 13576 8532 | GYRO: -967 2236 807 | GDP=2566.327
FLEX: 2448 2100 2186 2103 2249 | ACC: 2804 13424 8756 | GYRO: 222 3363 53 | GDP=3370.736
FLEX: 2427 2112 2194 2107 2233 | ACC: 3968 13876 6408 | GYRO: -1520 13699 586 | GDP=13795.521
FLEX: 2416 2124 2192 2101 2229 | ACC: 2064 13992 6096 | GYRO: -1543 31063 2903 | GDP=31236.488
FLEX: 2440 2077 2203 2128 2255 | ACC: -3108 13656 8392 | GYRO: -2485 32767 5812 | GDP=33371.109
FLEX: 2443 2093 2177 2100 2238 | ACC: -6404 12964 10752 | GYRO: -2141 32767 6967 | GDP=33567.832
FLEX: 2447 2105 2189 2150 2256 | ACC: -6832 13076 9484 | GYRO: -1043 28287 9057 | GDP=29719.883
FLEX: 2422 2090 2193 2124 2227 | ACC: -6964 12824 9708 | GYRO: 1219 22846 7028 | GDP=23933.625
FLEX: 2442 2096 2198 2119 2291 | ACC: -6428 13676 7292 | GYRO: 2549 16666 6464 | GDP=18056.475
FLEX: 2422 2113 2160 2116 2229 | ACC: -6052 14652 5544 | GYRO: 2176 17072 7250 | GDP=18674.867
FLEX: 2447 2082 2191 2117 2267 | ACC: -6364 14280 5480 | GYRO: 1549 17858 8113 | GDP=19675.576
FLEX: 2427 2110 2171 2098 2223 | ACC: -5704 14492 4876 | GYRO: 4128 15390 7018 | GDP=17411.055
FLEX: 2449 2112 2202 2128 2258 | ACC: -5096 14932 3332 | GYRO: 3194 15592 5874 | GDP=16965.141
FLEX: 2443 2119 2199 2096 2282 | ACC: -5960 14952 4648 | GYRO: 2770 11771 4414 | GDP=12872.946
FLEX: 2437 2125 2206 2131 2293 | ACC: -4512 15472 2132 | GYRO: 2550 9333 4090 | GDP=10504.070
FLEX: 2454 2095 2176 2096 2234 | ACC: -4864 14996 2724 | GYRO: 2394 8781 2504 | GDP=9439.662
FLEX: 2442 2111 2183 2143 2257 | ACC: -4124 15948 976 | GYRO: 1697 2938 1714 | GDP=3801.243
FLEX: 2448 2092 2173 2083 2257 | ACC: -4840 15912 1340 | GYRO: 944 3218 670 | GDP=3419.877
FLEX: 2443 2081 2202 2135 2281 | ACC: -3904 15708 648 | GYRO: 359 -542 483 | GDP=809.898
FLEX: 2416 2100 2177 2096 2263 | ACC: -4124 15828 580 | GYRO: 316 -34 156 | GDP=354.045
FLEX: 2446 2128 2202 2147 2266 | ACC: -3964 15956 888 | GYRO: 128 -1107 -78 | GDP=1117.102
FLEX: 2433 2085 2167 2123 2278 | ACC: -3864 15756 604 | GYRO: -723 -216 -712 | GDP=1037.463
FLEX: 2458 2107 2195 2159 2287 | ACC: -4136 15392 1688 | GYRO: -609 -1870 -1666 | GDP=2577.467
FLEX: 2415 2101 2192 2090 2249 | ACC: -3660 15524 1124 | GYRO: -1287 -4541 -2882 | GDP=5530.188
FLEX: 2444 2128 2224 2132 2272 | ACC: -5924 15564 3500 | GYRO: -3046 -9451 -4592 | GDP=10940.109
FLEX: 2419 2099 2170 2085 2262 | ACC: -5388 15456 1772 | GYRO: -5566 -19448 -7552 | GDP=21592.539
FLEX: 2443 2128 2207 2155 2278 | ACC: -5896 15044 3504 | GYRO: -9883 -16492 -8374 | GDP=20971.018
FLEX: 2416 2096 2181 2099 2256 | ACC: -5732 15028 3992 | GYRO: -14973 -23092 -7883 | GDP=28628.184
FLEX: 2431 2119 2186 2133 2282 | ACC: -4692 12584 7828 | GYRO: -17534 -11790 -5190 | GDP=21757.328
FLEX: 2414 2102 2209 2086 2253 | ACC: -3696 10916 10228 | GYRO: -13229 -4616 -1098 | GDP=14054.163
FLEX: 2412 2107 2211 2135 2270 | ACC: -4720 9244 14036 | GYRO: -6627 607 890 | GDP=6713.991
FLEX: 2421 2087 2203 2086 2237 | ACC: -4316 10036 13084 | GYRO: -1710 -752 -76 | GDP=1869.594
FLEX: 2413 2128 2192 2139 2256 | ACC: -4036 9556 12452 | GYRO: -696 1102 -1638 | GDP=2093.290
FLEX: 2416 2097 2196 2096 2245 | ACC: -3060 9284 11612 | GYRO: -1009 -1514 -4267 | GDP=4638.703
FLEX: 2416 2122 2197 2129 2274 | ACC: -4804 7684 12348 | GYRO: 12 -6883 -9993 | GDP=12134.080
FLEX: 2411 2096 2192 2099 2223 | ACC: -7724 8284 13724 | GYRO: -1544 -22528 -18484 | GDP=29181.381
FLEX: 2416 2107 2222 2109 2268 | ACC: -6552 9192 11208 | GYRO: -8362 -32768 -23690 | GDP=41290.203
FLEX: 2416 2089 2157 2108 2242 | ACC: -2160 7220 10792 | GYRO: -8595 -32768 -19850 | GDP=39263.703
FLEX: 2418 2114 2192 2140 2254 | ACC: 5000 984 7936 | GYRO: -6775 -20669 -8834 | GDP=23476.537
FLEX: 2413 2120 2192 2090 2240 | ACC: 3164 4920 17324 | GYRO: 731 -18867 -7714 | GDP=20396.172
FLEX: 2401 2083 2219 2148 2262 | ACC: 6556 6116 12848 | GYRO: -646 -9660 -6247 | GDP=11522.063
FLEX: 2414 2119 2249 2079 2217 | ACC: 6808 8076 10448 | GYRO: 1672 -8778 -4939 | GDP=10209.926
FLEX: 2427 2108 2187 2156 2221 | ACC: 6352 8488 17432 | GYRO: -5448 4817 -1984 | GDP=7537.934
FLEX: 2431 2091 2128 2061 2219 | ACC: 5668 6564 19592 | GYRO: -6489 -438 -206 | GDP=6507.027
FLEX: 2448 2083 2164 2101 2206 | ACC: 8768 3836 14556 | GYRO: -479 8887 -1093 | GDP=8966.764
FLEX: 2406 2080 2176 2106 2192 | ACC: 3172 5860 15744 | GYRO: -3039 15950 -1661 | GDP=16321.671
FLEX: 2390 2029 2169 2085 2218 | ACC: 1120 3960 18588 | GYRO: -3444 4555 -1342 | GDP=5866.014
FLEX: 2416 2093 2214 2099 2297 | ACC: 3028 2988 16204 | GYRO: -3525 8474 -875 | GDP=9219.540
FLEX: 2445 2036 2217 2153 2280 | ACC: 728 2264 18056 | GYRO: -402 5170 -1839 | GDP=5502.038
FLEX: 2435 2113 2175 2081 2215 | ACC: 412 3632 17920 | GYRO: 3554 60 -1435 | GDP=3833.242
FLEX: 2403 2074 2243 2109 2198 | ACC: 784 3548 16032 | GYRO: 3021 2573 -2993 | GDP=4970.395
FLEX: 2438 2096 2190 2042 2221 | ACC: -968 4848 15172 | GYRO: 3077 3485 -1956 | GDP=5043.718
FLEX: 2401 2111 2181 2116 2225 | ACC: -2200 4608 16136 | GYRO: 4177 1503 -2087 | GDP=4905.294
FLEX: 2431 2071 2160 2111 2233 | ACC: -796 5000 14192 | GYRO: 1393 -1241 -1126 | GDP=2179.084
FLEX: 2416 2103 2171 2099 2235 | ACC: -732 5228 15420 | GYRO: 1142 1717 323 | GDP=2087.243
FLEX: 2403 2102 2192 2090 2250 | ACC: 2768 5284 9736 | GYRO: 2893 23341 2743 | GDP=23679.016
FLEX: 2413 2067 2192 2117 2221 | ACC: -7088 5448 16164 | GYRO: 1325 32767 3798 | GDP=33012.980
FLEX: 2418 2080 2169 2064 2230 | ACC: -8644 5852 14576 | GYRO: 3535 29614 4228 | GDP=30122.437
FLEX: 2420 2075 2192 2128 2235 | ACC: -9816 5976 10952 | GYRO: 2611 21860 4789 | GDP=22530.234
FLEX: 2415 2076 2205 2107 2224 | ACC: -11384 6384 10356 | GYRO: 2936 20295 1193 | GDP=20540.945
FLEX: 2402 2077 2155 2108 2224 | ACC: -12644 7108 9520 | GYRO: 5138 9568 -144 | GDP=10861.233
FLEX: 2430 2081 2159 2090 2228 | ACC: -13372 7536 8028 | GYRO: 2818 13797 2617 | GDP=14322.954
FLEX: 2435 2099 2192 2102 2224 | ACC: -14240 7028 6588 | GYRO: 1619 7892 2508 | GDP=8437.706
FLEX: 2427 2106 2179 2128 2261 | ACC: -13228 7220 6868 | GYRO: 3034 2297 1239 | GDP=4002.060
FLEX: 2431 2102 2186 2137 2254 | ACC: -12164 7736 5284 | GYRO: 2219 2350 1494 | GDP=3560.688
FLEX: 2431 2117 2208 2114 2247 | ACC: -13924 6996 6340 | GYRO: 1044 4028 607 | GDP=4205.136
FLEX: 2416 2112 2203 2145 2265 | ACC: -13144 7752 5664 | GYRO: 1399 -4263 289 | GDP=4495.986
FLEX: 2425 2157 2213 2128 2272 | ACC: -11832 7764 4740 | GYRO: 1598 2957 -356 | GDP=3379.969
FLEX: 2431 2143 2192 2121 2254 | ACC: -14148 8160 6532 | GYRO: 1694 -778 -205 | GDP=1875.352
FLEX: 2443 2150 2218 2152 2282 | ACC: -12792 7764 5120 | GYRO: 1066 -772 -716 | GDP=1498.331
FLEX: 2437 2145 2190 2139 2265 | ACC: -13040 7680 5796 | GYRO: 1435 2205 -556 | GDP=2688.938
FLEX: 2431 2114 2207 2150 2272 | ACC: -13120 8060 4788 | GYRO: 1947 -773 -793 | GDP=2239.908
FLEX: 2432 2113 2192 2128 2269 | ACC: -13232 7688 5064 | GYRO: 640 2638 -482 | GDP=2756.985
FLEX: 2431 2141 2225 2131 2269 | ACC: -13796 7656 4640 | GYRO: 483 1085 13 | GDP=1187.722
FLEX: 2411 2145 2193 2166 2261 | ACC: -13688 7916 4372 | GYRO: 984 1516 49 | GDP=1808.014
FLEX: 2451 2141 2197 2203 2283 | ACC: -13440 7992 4060 | GYRO: -34 -1132 -341 | GDP=1182.734
FLEX: 2419 2096 2230 2202 2291 | ACC: -13976 7512 5176 | GYRO: 429 2176 605 | GDP=2298.922
FLEX: 2439 2127 2237 2252 2335 | ACC: -13192 7720 4028 | GYRO: 622 1091 398 | GDP=1317.410
FLEX: 2435 2096 2221 2225 2321 | ACC: -13360 7860 4308 | GYRO: -125 2131 -171 | GDP=2141.501
FLEX: 2418 2130 2250 2237 2313 | ACC: -14160 7736 4716 | GYRO: -377 398 174 | GDP=575.160
FLEX: 2435 2131 2238 2209 2292 | ACC: -13172 7640 3988 | GYRO: -36 85 235 | GDP=252.480
FLEX: 2423 2129 2245 2219 2331 | ACC: -13732 7736 4608 | GYRO: 424 2491 371 | GDP=2553.918
FLEX: 2428 2097 2218 2195 2288 | ACC: -14108 7608 5096 | GYRO: 566 751 201 | GDP=961.643
FLEX: 2419 2104 2237 2241 2309 | ACC: -13356 7444 4288 | GYRO: 777 -1189 783 | GDP=1621.894
FLEX: 2434 2112 2202 2198 2318 | ACC: -13320 8004 4412 | GYRO: 1673 2329 540 | GDP=2918.008
FLEX: 2421 2109 2255 2214 2311 | ACC: -13268 8092 3560 | GYRO: 1821 -68 418 | GDP=1869.596
FLEX: 2411 2099 2227 2194 2325 | ACC: -13464 8060 3500 | GYRO: 556 1650 420 | GDP=1791.099
FLEX: 2443 2146 2242 2230 2306 | ACC: -14236 7868 4408 | GYRO: 995 420 -118 | GDP=1086.439
FLEX: 2413 2118 2219 2213 2319 | ACC: -12660 8236 2596 | GYRO: 110 307 263 | GDP=418.949
FLEX: 2419 2139 2218 2203 2315 | ACC: -14400 7676 4780 | GYRO: 321 372 -609 | GDP=782.500
FLEX: 2413 2098 2208 2201 2287 | ACC: -13556 7924 3692 | GYRO: 270 -1170 162 | GDP=1211.629
FLEX: 2441 2097 2235 2229 2305 | ACC: -13848 7736 4452 | GYRO: 716 1449 -125 | GDP=1621.074
FLEX: 2418 2126 2221 2192 2287 | ACC: -13180 8400 3484 | GYRO: 843 -982 -25 | GDP=1294.449
FLEX: 2436 2129 2222 2224 2301 | ACC: -13996 7856 3880 | GYRO: 22 -364 -326 | GDP=489.138
FLEX: 2430 2102 2224 2185 2298 | ACC: -13436 7968 3620 | GYRO: 456 360 210 | GDP=617.767
FLEX: 2438 2115 2224 2210 2303 | ACC: -13492 7920 4024 | GYRO: 510 -13 -67 | GDP=514.546
FLEX: 2421 2096 2210 2186 2287 | ACC: -13500 7992 3696 | GYRO: 120 482 119 | GDP=510.769
FLEX: 2432 2115 2223 2227 2303 | ACC: -13864 7728 4292 | GYRO: 1041 -1017 -204 | GDP=1469.553
FLEX: 2427 2098 2235 2183 2287 | ACC: -12952 8212 3584 | GYRO: 918 800 140 | GDP=1225.693
FLEX: 2442 2145 2233 2245 2293 | ACC: -13892 8068 3888 | GYRO: 723 468 -158 | GDP=875.624
FLEX: 2416 2127 2251 2192 2282 | ACC: -13388 8084 2920 | GYRO: -153 -1209 -68 | GDP=1220.538
FLEX: 2432 2102 2238 2240 2288 | ACC: -13584 7848 3792 | GYRO: -141 830 103 | GDP=848.169
FLEX: 2419 2094 2217 2192 2294 | ACC: -13648 7996 4276 | GYRO: 252 -545 -27 | GDP=601.047
FLEX: 2448 2128 2265 2224 2300 | ACC: -13592 7980 4048 | GYRO: 130 107 198 | GDP=259.910
FLEX: 2410 2101 2223 2203 2286 | ACC: -13828 7512 4740 | GYRO: 827 153 -66 | GDP=843.620
FLEX: 2423 2103 2238 2204 2295 | ACC: -12956 8124 3208 | GYRO: 1219 940 276 | GDP=1563.885
FLEX: 2445 2103 2208 2176 2287 | ACC: -13984 8040 3776 | GYRO: 864 366 -405 | GDP=1021.997
FLEX: 2437 2119 2251 2242 2300 | ACC: -13520 8072 3060 | GYRO: 295 -678 11 | GDP=739.480
FLEX: 2416 2105 2224 2178 2293 | ACC: -13668 7916 3724 | GYRO: 234 -398 53 | GDP=464.725
FLEX: 2438 2117 2232 2192 2275 | ACC: -13204 8040 3636 | GYRO: 139 341 -187 | GDP=413.002
FLEX: 2424 2101 2208 2158 2288 | ACC: -13832 7784 4396 | GYRO: -203 -853 -213 | GDP=902.323
FLEX: 2407 2130 2198 2225 2287 | ACC: -13388 7692 4080 | GYRO: 469 220 -97 | GDP=527.039
FLEX: 2415 2127 2204 2224 2290 | ACC: -13676 8020 4180 | GYRO: 973 219 -22 | GDP=997.584
FLEX: 2421 2096 2225 2214 2279 | ACC: -13688 7996 3744 | GYRO: 642 -229 -202 | GDP=710.921
FLEX: 2416 2130 2255 2144 2286 | ACC: -13608 7948 3552 | GYRO: 536 -565 190 | GDP=801.636
FLEX: 2433 2143 2193 2180 2288 | ACC: -13504 7868 4120 | GYRO: 714 629 28 | GDP=951.956
FLEX: 2424 2062 2255 2167 2266 | ACC: -13524 7968 4112 | GYRO: 133 -998 -242 | GDP=1035.498
FLEX: 2459 2145 2228 2197 2287 | ACC: -13788 7828 4588 | GYRO: 50 33 -164 | GDP=174.600
FLEX: 2428 2103 2195 2086 2277 | ACC: -13504 7632 4360 | GYRO: 834 128 -14 | GDP=843.882
FLEX: 2428 2099 2178 2194 2288 | ACC: -13484 7884 4116 | GYRO: 1342 262 -83 | GDP=1369.853
FLEX: 2434 2103 2207 2186 2327 | ACC: -13804 8024 3744 | GYRO: 490 -577 10 | GDP=757.053
FLEX: 2442 2112 2211 2178 2279 | ACC: -13876 7604 3992 | GYRO: 207 -49 -109 | GDP=239.021
FLEX: 2407 2093 2252 2197 2271 | ACC: -13164 7952 3712 | GYRO: 485 241 168 | GDP=567.036
FLEX: 2422 2111 2224 2208 2288 | ACC: -13764 7700 4560 | GYRO: 138 -506 -421 | GDP=672.548
FLEX: 2462 2113 2207 2178 2293 | ACC: -13564 7772 4156 | GYRO: 87 -532 -188 | GDP=570.909
FLEX: 2441 2091 2214 2211 2276 | ACC: -13752 7448 4568 | GYRO: 840 406 3 | GDP=932.976
FLEX: 2416 2101 2224 2203 2288 | ACC: -13516 7864 4012 | GYRO: 805 182 314 | GDP=883.032
FLEX: 2439 2096 2224 2192 2274 | ACC: -13896 7848 4128 | GYRO: 287 -532 -131 | GDP=618.510
FLEX: 2430 2109 2230 2188 2290 | ACC: -13444 7712 4092 | GYRO: 258 -551 148 | GDP=626.154
FLEX: 2425 2105 2224 2209 2288 | ACC: -13488 7784 4420 | GYRO: 602 523 162 | GDP=813.743
FLEX: 2443 2082 2215 2192 2289 | ACC: -13460 7904 4428 | GYRO: 403 -491 -155 | GDP=653.846
FLEX: 2407 2096 2205 2218 2275 | ACC: -13816 7620 4736 | GYRO: 249 13 121 | GDP=277.148
FLEX: 2438 2065 2225 2174 2325 | ACC: -13488 7636 4548 | GYRO: 1447 550 276 | GDP=1572.414
FLEX: 2425 2103 2203 2203 2287 | ACC: -13504 8116 4236 | GYRO: 1249 321 239 | GDP=1311.550
FLEX: 2429 2125 2205 2192 2289 | ACC: -13528 7956 4028 | GYRO: 641 -734 120 | GDP=981.854
FLEX: 2426 2110 2224 2179 2286 | ACC: -13384 7880 3764 | GYRO: 657 154 165 | GDP=694.687
FLEX: 2419 2128 2220 2193 2288 | ACC: -13348 8084 4088 | GYRO: 319 -142 -183 | GDP=394.226
FLEX: 2421 2086 2203 2187 2278 | ACC: -13908 7764 4692 | GYRO: -125 -251 -339 | GDP=439.940
FLEX: 2422 2081 2224 2195 2272 | ACC: -13512 7776 4484 | GYRO: -32 -1078 -184 | GDP=1094.058
FLEX: 2446 2091 2213 2191 2288 | ACC: -13372 7568 4680 | GYRO: 724 622 30 | GDP=954.966
FLEX: 2448 2106 2199 2163 2279 | ACC: -13444 7900 4612 | GYRO: 1042 -80 -37 | GDP=1045.721
FLEX: 2446 2101 2210 2178 2279 | ACC: -13696 7816 4180 | GYRO: 582 -72 150 | GDP=605.316
FLEX: 2416 2110 2241 2187 2294 | ACC: -13500 7936 4080 | GYRO: 775 -209 251 | GDP=841.015
FLEX: 2415 2071 2215 2141 2281 | ACC: -13152 7916 4228 | GYRO: 367 448 132 | GDP=593.984
FLEX: 2416 2109 2211 2194 2304 | ACC: -13312 7864 4488 | GYRO: 138 -780 -295 | GDP=845.263
FLEX: 2449 2078 2220 2151 2298 | ACC: -13660 7516 4864 | GYRO: 335 92 -158 | GDP=381.645
FLEX: 2447 2129 2227 2195 2289 | ACC: -13436 7720 4756 | GYRO: 1247 -294 -169 | GDP=1292.287
FLEX: 2430 2079 2209 2167 2258 | ACC: -13380 8032 4436 | GYRO: 979 896 -6 | GDP=1327.137
FLEX: 2437 2114 2223 2204 2307 | ACC: -13964 7848 4448 | GYRO: 552 -1265 -104 | GDP=1384.104
FLEX: 2410 2099 2206 2160 2291 | ACC: -13432 7896 3964 | GYRO: 418 782 263 | GDP=924.888
FLEX: 2442 2119 2218 2217 2289 | ACC: -13320 7948 4568 | GYRO: 399 -399 -96 | GDP=572.379
FLEX: 2423 2099 2175 2176 2279 | ACC: -13216 7572 4540 | GYRO: -65 -192 -357 | GDP=410.534
FLEX: 2437 2096 2211 2192 2297 | ACC: -13920 7428 5684 | GYRO: 1023 -3045 -984 | GDP=3359.585
FLEX: 2419 2067 2192 2163 2300 | ACC: -12572 7704 4260 | GYRO: 2039 -796 -731 | GDP=2307.704
FLEX: 2402 2117 2192 2182 2282 | ACC: -14172 7976 5160 | GYRO: 2006 34 -566 | GDP=2084.598
FLEX: 2417 2075 2221 2173 2256 | ACC: -13616 7768 4124 | GYRO: 569 -587 99 | GDP=823.487
FLEX: 2451 2135 2211 2194 2301 | ACC: -13788 7616 5000 | GYRO: 1115 -524 231 | GDP=1253.460
FLEX: 2432 2089 2179 2183 2288 | ACC: -12948 7768 4896 | GYRO: 2710 -1175 76 | GDP=2954.742
FLEX: 2430 2095 2226 2218 2303 | ACC: -13688 7696 5620 | GYRO: 1956 -1503 -542 | GDP=2525.611
FLEX: 2419 2101 2211 2189 2274 | ACC: -13076 7756 4804 | GYRO: 745 -1683 -184 | GDP=1849.695
FLEX: 2432 2079 2209 2194 2300 | ACC: -13664 7652 5824 | GYRO: 1665 -837 -410 | GDP=1908.113
FLEX: 2416 2116 2224 2191 2271 | ACC: -12836 7780 4132 | GYRO: 1088 -3397 319 | GDP=3581.217
FLEX: 2391 2113 2220 2193 2282 | ACC: -14028 7704 5608 | GYRO: 173 -7417 233 | GDP=7422.675
FLEX: 2426 2079 2222 2138 2288 | ACC: -12024 7864 5148 | GYRO: -336 -51 -220 | GDP=404.842
FLEX: 2432 2127 2209 2230 2299 | ACC: -12600 7924 6000 | GYRO: -241 -1229 -367 | GDP=1305.071
FLEX: 2409 2096 2212 2171 2269 | ACC: -12600 7704 6564 | GYRO: -640 161 -529 | GDP=845.791
FLEX: 2434 2107 2217 2195 2295 | ACC: -13136 7344 6872 | GYRO: -1058 209 -81 | GDP=1081.483
FLEX: 2418 2093 2199 2158 2271 | ACC: -13156 7536 6988 | GYRO: 130 1413 183 | GDP=1430.719
FLEX: 2403 2150 2204 2195 2301 | ACC: -12880 7536 6000 | GYRO: -868 650 285 | GDP=1121.227
FLEX: 2426 2130 2181 2161 2273 | ACC: -13344 7604 6700 | GYRO: -287 -773 272 | GDP=868.264
FLEX: 2431 2139 2182 2241 2291 | ACC: -12908 7412 6504 | GYRO: -308 -57 66 | GDP=320.108
FLEX: 2411 2139 2214 2144 2239 | ACC: -12640 7488 6780 | GYRO: 558 -78 104 | GDP=572.943
FLEX: 2429 2160 2186 2199 2256 | ACC: -12832 7320 6668 | GYRO: 108 -130 9 | GDP=169.248
FLEX: 2422 2085 2170 2211 2256 | ACC: -12996 7152 7088 | GYRO: 1101 109 93 | GDP=1110.284
FLEX: 2386 2185 2197 2288 2288 | ACC: -12412 7516 6000 | GYRO: 1154 1256 150 | GDP=1712.236
FLEX: 2410 2134 2177 2179 2241 | ACC: -13020 7712 6508 | GYRO: 998 156 -137 | GDP=1019.367
FLEX: 2442 2157 2225 2242 2295 | ACC: -13108 7568 5780 | GYRO: -21 217 -79 | GDP=231.886
FLEX: 2415 2214 2208 2155 2279 | ACC: -12908 7564 6188 | GYRO: 549 -514 71 | GDP=755.406
FLEX: 2443 2122 2153 2241 2253 | ACC: -12908 7336 6620 | GYRO: -179 518 -177 | GDP=575.929
FLEX: 2432 2118 2199 2203 2288 | ACC: -13108 7364 6844 | GYRO: 504 -896 -269 | GDP=1062.635
FLEX: 2410 2123 2190 2202 2274 | ACC: -12908 7036 7020 | GYRO: 561 166 -142 | GDP=602.031
FLEX: 2430 2103 2159 2164 2288 | ACC: -12836 7416 6460 | GYRO: 1515 432 108 | GDP=1579.086
FLEX: 2437 2100 2185 2147 2274 | ACC: -13040 7484 6264 | GYRO: 911 657 84 | GDP=1126.333
FLEX: 2414 2135 2153 2143 2274 | ACC: -13192 7428 6040 | GYRO: 313 -212 -12 | GDP=378.229
FLEX: 2416 2127 2182 2197 2241 | ACC: -12808 7312 6040 | GYRO: 182 480 -71 | GDP=518.233
FLEX: 2438 2127 2176 2173 2272 | ACC: -12900 7372 6492 | GYRO: 46 -323 -134 | GDP=352.705
FLEX: 2411 2103 2190 2160 2235 | ACC: -13272 7212 6920 | GYRO: -181 -420 -402 | GDP=608.905
FLEX: 2429 2112 2166 2169 2288 | ACC: -12888 7060 6504 | GYRO: 82 302 135 | GDP=340.812
FLEX: 2419 2149 2179 2185 2283 | ACC: -13092 7264 6732 | GYRO: 849 761 -107 | GDP=1145.151
FLEX: 2423 2140 2166 2160 2288 | ACC: -12936 7400 5868 | GYRO: 496 692 114 | GDP=858.997
FLEX: 2432 2076 2192 2135 2241 | ACC: -13060 7236 5820 | GYRO: 72 -896 14 | GDP=898.997
FLEX: 2437 2103 2183 2172 2243 | ACC: -12832 7252 6168 | GYRO: 406 258 64 | GDP=485.279
FLEX: 2404 2096 2189 2169 2247 | ACC: -13048 7304 6708 | GYRO: 208 -219 -218 | GDP=372.490
FLEX: 2421 2097 2171 2165 2256 | ACC: -13132 7220 6640 | GYRO: 72 -744 -126 | GDP=758.021
FLEX: 2432 2121 2163 2173 2227 | ACC: -13068 6828 6888 | GYRO: 738 325 -28 | GDP=806.879
FLEX: 2423 2110 2197 2175 2251 | ACC: -12680 7368 6248 | GYRO: 1303 264 51 | GDP=1330.453
FLEX: 2431 2096 2169 2141 2226 | ACC: -13332 7352 6452 | GYRO: 610 140 -93 | GDP=632.731
FLEX: 2423 2119 2177 2171 2257 | ACC: -13080 7376 5788 | GYRO: 336 -205 2 | GDP=393.605
FLEX: 2401 2098 2179 2179 2255 | ACC: -12932 7220 6324 | GYRO: 655 -154 177 | GDP=695.751
FLEX: 2431 2122 2174 2142 2252 | ACC: -12848 7452 6664 | GYRO: 547 -434 26 | GDP=698.742
FLEX: 2427 2119 2165 2175 2241 | ACC: -13196 7008 6980 | GYRO: 362 -327 -8 | GDP=487.890
FLEX: 2419 2095 2192 2172 2224 | ACC: -12992 6828 6656 | GYRO: 1060 115 174 | GDP=1080.324
FLEX: 2395 2128 2161 2159 2254 | ACC: -12868 7348 6360 | GYRO: 1306 932 24 | GDP=1604.630
FLEX: 2432 2112 2179 2196 2256 | ACC: -13144 7368 6232 | GYRO: 588 -145 -91 | GDP=612.413
FLEX: 2427 2104 2191 2160 2230 | ACC: -13100 7292 6048 | GYRO: 410 -329 -49 | GDP=527.960
FLEX: 2437 2096 2179 2176 2267 | ACC: -12812 7408 5976 | GYRO: 346 208 30 | GDP=404.821
FLEX: 2447 2110 2186 2153 2224 | ACC: -13032 7332 6640 | GYRO: 370 -584 -30 | GDP=691.994
FLEX: 2437 2077 2205 2185 2234 | ACC: -13052 7176 6828 | GYRO: 231 -619 -86 | GDP=666.272
FLEX: 2423 2096 2183 2141 2226 | ACC: -12816 7036 6732 | GYRO: 902 344 131 | GDP=974.218
FLEX: 2423 2102 2189 2170 2256 | ACC: -12848 7416 6412 | GYRO: 1186 399 -33 | GDP=1251.753
FLEX: 2420 2115 2176 2137 2233 | ACC: -13356 7480 6252 | GYRO: 310 -453 -184 | GDP=578.934
FLEX: 2442 2103 2196 2186 2256 | ACC: -13088 7088 6368 | GYRO: 219 -410 -81 | GDP=471.828
FLEX: 2425 2091 2180 2144 2245 | ACC: -12724 7280 6416 | GYRO: 565 85 142 | GDP=588.739
FLEX: 2444 2103 2177 2174 2262 | ACC: -12892 7240 6816 | GYRO: 285 -184 -18 | GDP=339.713
FLEX: 2429 2082 2177 2175 2224 | ACC: -12840 6996 6992 | GYRO: 428 -118 89 | GDP=452.801
FLEX: 2426 2119 2193 2157 2256 | ACC: -12952 7068 6596 | GYRO: 1301 261 20 | GDP=1327.073
FLEX: 2411 2069 2171 2150 2241 | ACC: -12748 7392 6388 | GYRO: 1242 480 -105 | GDP=1335.661
FLEX: 2449 2105 2192 2190 2248 | ACC: -13212 7204 6484 | GYRO: 605 -375 -239 | GDP=750.847
FLEX: 2416 2087 2176 2167 2237 | ACC: -13052 7164 5972 | GYRO: 294 87 96 | GDP=321.280
FLEX: 2414 2091 2195 2198 2254 | ACC: -12864 7248 6496 | GYRO: 573 -108 174 | GDP=608.497
FLEX: 2436 2094 2163 2156 2228 | ACC: -12848 7148 6884 | GYRO: -15 -248 -81 | GDP=261.324
FLEX: 2418 2111 2189 2192 2227 | ACC: -12908 7068 7032 | GYRO: 342 -332 -174 | GDP=507.409
FLEX: 2421 2078 2204 2144 2267 | ACC: -12992 6988 6700 | GYRO: 1117 254 -162 | GDP=1156.914
FLEX: 2430 2101 2202 2212 2256 | ACC: -13032 7340 6476 | GYRO: 1296 654 64 | GDP=1453.075
FLEX: 2419 2090 2158 2164 2224 | ACC: -13280 7404 6092 | GYRO: 369 -420 -201 | GDP=594.106
FLEX: 2430 2102 2192 2184 2233 | ACC: -13092 7140 6100 | GYRO: -68 508 173 | GDP=540.941
FLEX: 2416 2106 2176 2154 2237 | ACC: -12824 7264 6332 | GYRO: 531 -228 4 | GDP=577.894
FLEX: 2433 2096 2204 2186 2256 | ACC: -12904 7216 6732 | GYRO: -10 -157 -74 | GDP=173.853
FLEX: 2429 2091 2183 2146 2235 | ACC: -13048 6996 7292 | GYRO: 284 -605 -47 | GDP=669.993
FLEX: 2423 2122 2171 2192 2249 | ACC: -12716 6796 6796 | GYRO: 1134 88 78 | GDP=1140.081
FLEX: 2418 2091 2190 2151 2239 | ACC: -12952 7400 6748 | GYRO: 1395 503 -107 | GDP=1486.769
FLEX: 2404 2112 2192 2192 2255 | ACC: -13360 7336 6512 | GYRO: 482 -259 -217 | GDP=588.637
FLEX: 2445 2091 2175 2131 2256 | ACC: -13132 7088 6004 | GYRO: 328 -462 -67 | GDP=570.541
FLEX: 2448 2081 2194 2205 2261 | ACC: -12960 7224 6472 | GYRO: 522 341 227 | GDP=663.547
FLEX: 2422 2095 2183 2130 2247 | ACC: -12784 7208 6884 | GYRO: 307 -441 -97 | GDP=546.021
FLEX: 2431 2099 2176 2178 2240 | ACC: -12772 6980 6916 | GYRO: 295 -306 -70 | GDP=430.768
FLEX: 2426 2099 2220 2154 2258 | ACC: -13144 6872 7108 | GYRO: 1235 -15 -105 | GDP=1239.546
FLEX: 2416 2122 2204 2163 2210 | ACC: -12956 7276 6820 | GYRO: 1920 213 61 | GDP=1932.742
FLEX: 2459 2099 2275 2123 2224 | ACC: -13236 7512 6620 | GYRO: 1605 -558 208 | GDP=1711.915
FLEX: 2432 2059 2211 2135 2256 | ACC: -12888 7440 5808 | GYRO: 1425 -692 421 | GDP=1639.125
FLEX: 2421 2086 2226 2138 2211 | ACC: -13096 7532 6680 | GYRO: 1997 227 729 | GDP=2137.985
FLEX: 2426 2059 2241 2194 2266 | ACC: -12808 7504 6540 | GYRO: 1284 -440 653 | GDP=1506.209
FLEX: 2447 2110 2232 2143 2256 | ACC: -12848 7500 6848 | GYRO: 84 -86 203 | GDP=235.926
FLEX: 2413 2111 2245 2159 2287 | ACC: -12544 7344 6852 | GYRO: 863 -96 -119 | GDP=876.439
FLEX: 2437 2074 2225 2154 2259 | ACC: -12660 7732 6536 | GYRO: 976 936 -12 | GDP=1352.337
FLEX: 2421 2091 2224 2185 2256 | ACC: -13156 7712 6220 | GYRO: 697 440 -316 | GDP=882.760
FLEX: 2395 2097 2231 2135 2269 | ACC: -13248 7720 5964 | GYRO: 286 -63 230 | GDP=372.378
FLEX: 2433 2122 2223 2167 2277 | ACC: -13140 7772 6432 | GYRO: 660 -473 509 | GDP=958.337
FLEX: 2430 2128 2213 2201 2259 | ACC: -13500 7584 7804 | GYRO: 279 -5013 -330 | GDP=5031.591
FLEX: 2434 2102 2204 2170 2276 | ACC: -11084 7596 6116 | GYRO: 753 -3772 -445 | GDP=3872.082
FLEX: 2399 2128 2207 2154 2254 | ACC: -12704 7012 8400 | GYRO: 1167 1179 -242 | GDP=1676.453
FLEX: 2429 2128 2205 2160 2267 | ACC: -12368 7844 7104 | GYRO: 2516 128 -473 | GDP=2563.273
FLEX: 2449 2137 2233 2176 2253 | ACC: -13184 7824 7100 | GYRO: 1471 1351 -170 | GDP=2004.480
FLEX: 2423 2126 2235 2189 2240 | ACC: -12856 7684 6216 | GYRO: 1193 -123 424 | GDP=1272.067
FLEX: 2453 2152 2217 2160 2256 | ACC: -12532 7792 6476 | GYRO: 1527 1488 605 | GDP=2216.280
FLEX: 2382 2174 2224 2188 2273 | ACC: -12444 8072 6664 | GYRO: 922 -304 359 | GDP=1035.075
FLEX: 2431 2145 2206 2160 2269 | ACC: -12448 7716 6972 | GYRO: 576 -390 -96 | GDP=702.205
FLEX: 2423 2159 2179 2160 2265 | ACC: -12488 7560 6724 | GYRO: 980 604 276 | GDP=1183.804
FLEX: 2433 2166 2209 2176 2263 | ACC: -12720 7908 6708 | GYRO: 2095 390 172 | GDP=2137.922
FLEX: 2423 2153 2210 2187 2266 | ACC: -12592 7916 6604 | GYRO: 3387 -247 251 | GDP=3405.258
FLEX: 2426 2179 2228 2190 2277 | ACC: -13008 8108 6392 | GYRO: 3434 -1454 342 | GDP=3744.788
FLEX: 2415 2162 2176 2151 2279 | ACC: -12356 8396 6240 | GYRO: 3381 237 787 | GDP=3479.468
FLEX: 2437 2152 2219 2175 2287 | ACC: -12460 8632 6048 | GYRO: 3690 -102 669 | GDP=3751.542
FLEX: 2423 2145 2187 2134 2247 | ACC: -12464 8572 5956 | GYRO: 1851 -274 583 | GDP=1959.889
FLEX: 2414 2161 2214 2153 2259 | ACC: -12068 8524 5364 | GYRO: 937 1397 553 | GDP=1770.702
FLEX: 2440 2147 2195 2203 2270 | ACC: -12224 8884 5036 | GYRO: 291 1398 49 | GDP=1428.806
FLEX: 2450 2175 2228 2166 2291 | ACC: -12448 8904 5232 | GYRO: -843 1000 -493 | GDP=1397.747
FLEX: 2431 2164 2189 2162 2270 | ACC: -13184 8400 6048 | GYRO: -1608 -824 -682 | GDP=1931.260
FLEX: 2454 2158 2203 2192 2281 | ACC: -11816 8548 5412 | GYRO: -1743 -171 -677 | GDP=1877.663
FLEX: 2414 2127 2198 2139 2275 | ACC: -12968 8052 6340 | GYRO: -2228 857 -539 | GDP=2447.234
FLEX: 2430 2123 2210 2167 2266 | ACC: -12436 8028 6744 | GYRO: -1352 -148 -589 | GDP=1482.137
FLEX: 2422 2114 2231 2170 2237 | ACC: -12720 7768 6192 | GYRO: -1868 430 -731 | GDP=2051.508
FLEX: 2444 2133 2209 2176 2251 | ACC: -12724 7996 6404 | GYRO: -36 24 -487 | GDP=488.918
FLEX: 2415 2109 2186 2158 2247 | ACC: -13060 7876 6032 | GYRO: -42 -458 -528 | GDP=700.223
FLEX: 2433 2128 2211 2193 2269 | ACC: -13068 7504 6392 | GYRO: -690 -292 -249 | GDP=789.535
FLEX: 2437 2080 2205 2171 2240 | ACC: -12764 7536 6368 | GYRO: 0 -21 19 | GDP=28.320
FLEX: 2415 2100 2206 2172 2255 | ACC: -12780 7556 6692 | GYRO: -142 -91 18 | GDP=169.614
FLEX: 2433 2106 2196 2184 2236 | ACC: -12780 7520 6984 | GYRO: 172 -604 -357 | GDP=722.391
FLEX: 2421 2120 2227 2208 2256 | ACC: -12828 7108 6656 | GYRO: 671 616 -48 | GDP=912.141
FLEX: 2415 2094 2178 2140 2237 | ACC: -12756 7592 6488 | GYRO: 1383 667 -104 | GDP=1538.959
FLEX: 2457 2115 2213 2175 2259 | ACC: -13188 7660 6456 | GYRO: 830 -272 -291 | GDP=920.633
FLEX: 2423 2139 2195 2184 2234 | ACC: -13252 7532 6268 | GYRO: 406 -914 -89 | GDP=1004.068
FLEX: 2434 2083 2199 2205 2265 | ACC: -12804 7604 6392 | GYRO: 752 -367 302 | GDP=889.605
FLEX: 2422 2103 2163 2144 2238 | ACC: -12500 7348 6380 | GYRO: 372 -132 -5 | GDP=394.757
FLEX: 2437 2102 2186 2176 2260 | ACC: -12400 7536 6756 | GYRO: 293 55 -714 | GDP=773.738
FLEX: 2435 2075 2193 2135 2259 | ACC: -12816 6732 7852 | GYRO: 3321 791 -499 | GDP=3450.177
FLEX: 2447 2110 2205 2193 2254 | ACC: -12036 8864 3540 | GYRO: 5111 2804 179 | GDP=5832.390
FLEX: 2437 2128 2214 2157 2241 | ACC: -13800 7920 5928 | GYRO: 2994 4829 1276 | GDP=5823.354
FLEX: 2441 2149 1907 2179 2261 | ACC: -14268 7884 4332 | GYRO: 3759 1034 890 | GDP=3998.917
FLEX: 2429 2146 2221 2152 2271 | ACC: -12972 8156 4820 | GYRO: 3052 2638 1467 | GDP=4292.533
FLEX: 2422 2165 2229 2194 2284 | ACC: -13504 8532 4224 | GYRO: 4172 -232 1117 | GDP=4325.170
FLEX: 2426 2186 2240 2159 2231 | ACC: -12812 8372 4712 | GYRO: 1167 2414 847 | GDP=2811.885
FLEX: 2448 2192 2239 2191 2282 | ACC: -13264 8356 4452 | GYRO: 1212 164 -674 | GDP=1396.466
FLEX: 2417 2183 2228 2154 2285 | ACC: -12840 8456 3772 | GYRO: 777 1612 -287 | GDP=1812.358
FLEX: 2440 2199 2231 2176 2274 | ACC: -13840 8644 4040 | GYRO: 1227 51 -735 | GDP=1431.208
FLEX: 2429 2167 2251 2144 2262 | ACC: -13668 8388 3532 | GYRO: -84 151 -41 | GDP=177.589
FLEX: 2449 2192 2202 2179 2255 | ACC: -13544 8496 4100 | GYRO: 1156 42 90 | GDP=1160.259
FLEX: 2454 2239 2256 2169 2291 | ACC: -13112 8524 4224 | GYRO: 1239 -1147 -105 | GDP=1691.672
FLEX: 2391 2229 2233 2242 2325 | ACC: -13420 8180 5176 | GYRO: 2980 -2031 -832 | GDP=3701.025
FLEX: 2459 2170 2211 2170 2239 | ACC: -13540 7736 5396 | GYRO: 6035 -4791 -2753 | GDP=8182.537
FLEX: 2381 2269 2242 2239 2287 | ACC: -11668 8724 2864 | GYRO: 6144 -4423 -2901 | GDP=8107.248
FLEX: 2416 2193 2241 2145 2288 | ACC: -13792 8524 3732 | GYRO: 2152 1812 -1932 | GDP=3412.781
FLEX: 2384 2229 2288 2172 2304 | ACC: -14904 7424 4684 | GYRO: 2628 -2919 -1843 | GDP=4338.617
FLEX: 2431 2266 2254 2157 2291 | ACC: -12664 8736 1720 | GYRO: 2765 -1922 -655 | GDP=3430.500
FLEX: 2447 2261 2241 2185 2266 | ACC: -14056 8168 3908 | GYRO: -1043 3176 677 | GDP=3410.741
FLEX: 2416 2224 2256 2176 2288 | ACC: -13660 8144 3712 | GYRO: -1301 217 1628 | GDP=2095.250
FLEX: 2416 2277 2259 2169 2314 | ACC: -13532 6908 4724 | GYRO: -979 3120 2136 | GDP=3905.808
FLEX: 2450 2213 2252 2158 2318 | ACC: -13236 8484 3336 | GYRO: 1479 -761 1884 | GDP=2513.169
FLEX: 2423 2211 2240 2173 2287 | ACC: -12944 8748 5148 | GYRO: 709 2221 257 | GDP=2345.543
FLEX: 2455 2174 2223 2177 2304 | ACC: -13116 8336 1188 | GYRO: -4007 107 -8 | GDP=4008.436
FLEX: 2443 2114 2222 2165 2288 | ACC: -13020 8376 5672 | GYRO: -5683 2522 -1032 | GDP=6302.539
FLEX: 2452 2162 2238 2165 2309 | ACC: -13512 8076 4844 | GYRO: -4371 -254 141 | GDP=4380.644
FLEX: 2469 2124 2186 2160 2274 | ACC: -13636 8008 4236 | GYRO: -2729 1445 257 | GDP=3098.631
FLEX: 2479 2112 2215 2131 2266 | ACC: -13672 7828 3656 | GYRO: -5713 2194 5 | GDP=6119.806
FLEX: 2418 2110 2208 2143 2257 | ACC: -13536 7728 5476 | GYRO: -2786 1444 -2 | GDP=3137.983
FLEX: 2457 2094 2192 2118 2256 | ACC: -13096 7336 3904 | GYRO: -3597 -373 267 | GDP=3626.131
FLEX: 2447 2089 2187 2075 2235 | ACC: -13024 7144 4604 | GYRO: -1344 -954 -912 | GDP=1883.666
FLEX: 2432 2096 2183 2073 2225 | ACC: -13408 7224 5152 | GYRO: -1020 -421 -223 | GDP=1125.775
FLEX: 2427 2064 2179 2054 2224 | ACC: -13272 7268 5628 | GYRO: -902 -2804 -1097 | GDP=3143.156
FLEX: 2432 2061 2201 2062 2242 | ACC: -13728 7176 5708 | GYRO: -651 -1128 -611 | GDP=1438.578
FLEX: 2416 2078 2192 2047 2220 | ACC: -13476 6856 5816 | GYRO: 1335 -1171 -263 | GDP=1795.170
FLEX: 2416 2063 2178 2059 2217 | ACC: -13492 7116 6148 | GYRO: 1200 -343 -489 | GDP=1340.437
FLEX: 2405 2061 2151 2055 2214 | ACC: -13776 7324 5488 | GYRO: 796 -863 -159 | GDP=1184.764
FLEX: 2421 2064 2181 2018 2219 | ACC: -13532 6904 5320 | GYRO: 352 -914 51 | GDP=980.766
FLEX: 2418 2043 2171 2021 2223 | ACC: -13504 7144 5920 | GYRO: 151 84 71 | GDP=186.810
FLEX: 2427 2034 2192 2039 2223 | ACC: -13504 6884 6344 | GYRO: 173 -1432 -86 | GDP=1444.974
FLEX: 2407 2055 2169 2019 2203 | ACC: -13100 6708 6312 | GYRO: 195 -72 -7 | GDP=207.986
FLEX: 2417 2047 2166 2001 2237 | ACC: -13328 6740 6464 | GYRO: 1163 419 144 | GDP=1244.534
FLEX: 2395 2031 2159 2017 2222 | ACC: -13324 7300 5776 | GYRO: 1388 -646 -311 | GDP=1562.236
FLEX: 2418 2064 2171 2027 2257 | ACC: -13792 7012 6032 | GYRO: 812 -492 -64 | GDP=951.580
FLEX: 2433 2032 2169 1994 2207 | ACC: -13516 6992 5988 | GYRO: 916 -795 336 | GDP=1258.562
FLEX: 2437 2127 2175 2021 2226 | ACC: -12972 7240 5628 | GYRO: 385 -45 131 | GDP=409.159
FLEX: 2411 2046 2164 2023 2198 | ACC: -13124 7108 6132 | GYRO: 10 -205 3 | GDP=205.266
FLEX: 2416 2033 2175 2010 2212 | ACC: -13340 6920 6256 | GYRO: -257 61 137 | GDP=297.555
FLEX: 2401 2047 2174 2003 2207 | ACC: -12984 7028 5852 | GYRO: 653 786 237 | GDP=1048.987
FLEX: 2432 2061 2163 2021 2224 | ACC: -13684 7024 6536 | GYRO: 179 1794 103 | GDP=1805.848
FLEX: 2405 2043 2181 1990 2213 | ACC: -13156 6976 5584 | GYRO: -349 -15 43 | GDP=351.959
FLEX: 2411 2046 2165 2005 2213 | ACC: -13748 6912 6096 | GYRO: -417 66 185 | GDP=460.945
FLEX: 2401 2032 2149 1981 2213 | ACC: -12612 7364 4832 | GYRO: -549 2125 1289 | GDP=2545.299
FLEX: 2416 2042 2163 1985 2283 | ACC: -13516 7308 4548 | GYRO: -1210 4096 1181 | GDP=4431.261
FLEX: 2399 2032 2177 1952 2208 | ACC: -13356 7936 2776 | GYRO: -2739 3799 1546 | GDP=4932.001
FLEX: 2407 2018 2160 2015 2241 | ACC: -14084 7520 2552 | GYRO: -5106 5213 1729 | GDP=7499.069
FLEX: 2400 2029 2163 1953 2203 | ACC: -14528 6012 4508 | GYRO: -6979 2806 1137 | GDP=7607.420
FLEX: 2407 2037 2177 1987 2213 | ACC: -14104 6800 5172 | GYRO: -7870 -351 1290 | GDP=7982.744
FLEX: 2384 2042 2181 1943 2211 | ACC: -14408 5696 8052 | GYRO: -6114 -2702 1290 | GDP=6807.782
FLEX: 2402 2032 2163 1994 2225 | ACC: -12668 5624 8624 | GYRO: -3746 -262 2015 | GDP=4261.618
FLEX: 2402 2042 2145 1950 2202 | ACC: -12552 5448 9528 | GYRO: -699 -873 1544 | GDP=1906.480
FLEX: 2410 2043 2178 2003 2236 | ACC: -12324 5696 9100 | GYRO: 1542 1028 1148 | GDP=2180.012
FLEX: 2399 2038 2150 1950 2209 | ACC: -13132 5904 9032 | GYRO: 3412 -939 231 | GDP=3546.382
FLEX: 2407 2061 2143 2000 2227 | ACC: -13616 6560 7356 | GYRO: 4887 1506 625 | GDP=5151.837
FLEX: 2416 2020 2138 1936 2222 | ACC: -14084 6580 8708 | GYRO: 4916 -3106 521 | GDP=5838.299
FLEX: 2416 2035 2165 2001 2231 | ACC: -12860 6760 7040 | GYRO: 7608 3363 2132 | GDP=8587.017
FLEX: 2391 2027 2176 1951 2188 | ACC: -11820 7536 4576 | GYRO: 8256 3227 2296 | GDP=9156.783
FLEX: 2407 2064 2160 1994 2221 | ACC: -13076 8276 3496 | GYRO: 6685 4207 1744 | GDP=8088.857
FLEX: 2401 2038 2162 1962 2207 | ACC: -12368 8876 1592 | GYRO: 6181 5143 1616 | GDP=8201.626
FLEX: 2400 2014 2163 2000 2250 | ACC: -14696 9336 2632 | GYRO: 5073 4698 2584 | GDP=7381.300
FLEX: 2406 2053 2158 1951 2209 | ACC: -15040 9624 2608 | GYRO: 6738 6544 4749 | GDP=10525.093
FLEX: 2406 2039 2171 2013 2214 | ACC: -14192 9668 1632 | GYRO: 5683 5611 6419 | GDP=10246.140
FLEX: 2405 2039 2128 1949 2189 | ACC: -13836 10096 1180 | GYRO: 6388 6630 8503 | GDP=12532.535
FLEX: 2395 2014 2189 2004 2254 | ACC: -13120 11576 -560 | GYRO: 6571 6623 10140 | GDP=13779.033
FLEX: 2363 2014 2146 1940 2224 | ACC: -12392 11656 -2444 | GYRO: 5581 8537 12205 | GDP=15905.658
FLEX: 2442 2079 2157 1984 2253 | ACC: -10496 12216 -3928 | GYRO: 3982 8621 14386 | GDP=17237.604
FLEX: 2371 2023 2174 1919 2234 | ACC: -4836 12152 -3812 | GYRO: 1973 7950 13942 | GDP=16170.176
FLEX: 2429 2064 2157 1998 2253 | ACC: -3440 14232 -2108 | GYRO: 3000 6638 10287 | GDP=12604.976
FLEX: 2382 2087 2149 1951 2198 | ACC: -1460 13184 -3344 | GYRO: 2339 1985 5226 | GDP=6059.886
FLEX: 2386 1994 2113 2021 2245 | ACC: -2212 13996 -3560 | GYRO: 3422 256 -46 | GDP=3431.871
FLEX: 2414 2031 2160 1967 2224 | ACC: -4872 14872 -5172 | GYRO: 2642 69 -1566 | GDP=3072.016
FLEX: 2390 2074 2158 1977 2222 | ACC: -6684 14552 -5640 | GYRO: 2019 438 -1403 | GDP=2497.321
FLEX: 2479 2003 2143 1965 2223 | ACC: -6880 14688 -5916 | GYRO: 1194 -1277 -848 | GDP=1943.057
FLEX: 2397 2096 2135 1972 2211 | ACC: -6120 15100 -6480 | GYRO: 99 -539 -43 | GDP=549.701
FLEX: 2391 2010 2146 1968 2201 | ACC: -4636 14360 -5696 | GYRO: -171 567 50 | GDP=594.332
FLEX: 2378 2068 2161 1990 2220 | ACC: -4412 15948 -7876 | GYRO: -621 2420 -517 | GDP=2551.339
FLEX: 2400 2037 2174 2010 2203 | ACC: -6276 16208 -5940 | GYRO: -2820 -896 -2283 | GDP=3737.286
FLEX: 2414 2043 2134 1999 2229 | ACC: -5248 16492 -5648 | GYRO: -4256 -1548 -2425 | GDP=5137.165
FLEX: 2384 2059 2163 1963 2208 | ACC: -5408 16252 -4524 | GYRO: -5033 -1766 -3126 | GDP=6182.372
FLEX: 2397 2039 2134 1986 2227 | ACC: -6056 15552 -3224 | GYRO: -4670 -164 -3253 | GDP=5693.664
FLEX: 2401 2058 2176 1988 2234 | ACC: -7056 15904 -2440 | GYRO: -4556 -2795 -2933 | GDP=6096.855
FLEX: 2389 2044 2175 2019 2227 | ACC: -7548 14004 -1384 | GYRO: -2501 -204 -1951 | GDP=3178.524
FLEX: 2383 2070 2176 2007 2233 | ACC: -7484 13600 -4264 | GYRO: -2067 20 1166 | GDP=2373.277
FLEX: 2391 2059 2145 2064 2234 | ACC: -8888 11964 -1088 | GYRO: -3215 2089 2586 | GDP=4624.667
FLEX: 2401 2043 2189 2057 2235 | ACC: -7000 11248 2884 | GYRO: -159 -2053 4473 | GDP=4924.208
FLEX: 2386 2040 2163 2074 2235 | ACC: -3748 11484 200 | GYRO: -1336 3948 3676 | GDP=5557.389
FLEX: 2395 2079 2169 2079 2256 | ACC: -5560 11648 2624 | GYRO: 637 1552 835 | GDP=1873.953
FLEX: 2402 2085 2167 2032 2249 | ACC: -4904 11480 -392 | GYRO: 1899 -73 -668 | GDP=2014.387
FLEX: 2405 2085 2183 2098 2226 | ACC: -11292 3808 -10332 | GYRO: -1719 12 -9460 | GDP=9614.921
FLEX: 2387 2133 2170 2062 2224 | ACC: -8060 14940 -6684 | GYRO: 1418 -437 -1631 | GDP=2204.961
FLEX: 2422 2087 2177 2087 2244 | ACC: -9272 14300 -1712 | GYRO: -208 1925 -820 | GDP=2102.686
FLEX: 2401 2081 2154 2069 2267 | ACC: -7964 14732 -2156 | GYRO: 182 -860 -1080 | GDP=1392.524
FLEX: 2389 2095 2193 2062 2263 | ACC: -8188 14760 -888 | GYRO: -720 -283 -931 | GDP=1210.475
FLEX: 2397 2061 2180 2078 2255 | ACC: -7256 14996 -2088 | GYRO: -68 507 -82 | GDP=518.070
FLEX: 2412 2096 2192 2064 2256 | ACC: -7428 14920 -1088 | GYRO: -606 565 241 | GDP=862.868
FLEX: 2413 2070 2155 2059 2249 | ACC: -6960 14896 -1608 | GYRO: -665 -85 439 | GDP=801.356
FLEX: 2412 2070 2176 2082 2245 | ACC: -6592 14504 -912 | GYRO: 261 749 436 | GDP=905.107
FLEX: 2428 2079 2175 2064 2241 | ACC: -6764 14820 -1276 | GYRO: -709 -309 -219 | GDP=803.818
FLEX: 2395 2086 2195 2078 2252 | ACC: -7316 14728 -1144 | GYRO: -1092 974 -315 | GDP=1496.785
FLEX: 2422 2083 2176 2075 2246 | ACC: -7236 14648 -1140 | GYRO: -1577 -217 -440 | GDP=1651.550
FLEX: 2430 2093 2195 2095 2241 | ACC: -7308 14388 -276 | GYRO: -1764 227 -327 | GDP=1808.357
FLEX: 2398 2099 2175 2057 2235 | ACC: -7572 14560 444 | GYRO: -1247 348 236 | GDP=1315.982
FLEX: 2414 2112 2174 2101 2240 | ACC: -7212 14324 596 | GYRO: -568 44 151 | GDP=589.373
FLEX: 2402 2091 2188 2046 2256 | ACC: -6732 14284 268 | GYRO: 220 989 168 | GDP=1027.008
FLEX: 2425 2087 2178 2087 2252 | ACC: -6824 14500 -308 | GYRO: 494 124 -488 | GDP=705.376
FLEX: 2394 2097 2183 2064 2228 | ACC: -6872 14704 -360 | GYRO: -163 53 -463 | GDP=493.707
FLEX: 2406 2099 2250 2089 2263 | ACC: -7180 14576 -24 | GYRO: -159 -546 -924 | GDP=1084.976
FLEX: 2396 2083 2206 2059 2231 | ACC: -7368 14540 176 | GYRO: -125 607 -632 | GDP=885.154
FLEX: 2417 2084 2196 2096 2255 | ACC: -7564 14616 400 | GYRO: -137 -735 -653 | GDP=992.675
FLEX: 2410 2093 2175 2059 2227 | ACC: -7116 14120 152 | GYRO: 39 -918 -580 | GDP=1086.575
FLEX: 2413 2121 2197 2096 2269 | ACC: -8180 14256 1288 | GYRO: 339 50 -1055 | GDP=1109.255
FLEX: 2399 2062 2183 2091 2236 | ACC: -7404 14608 -268 | GYRO: 286 -837 -765 | GDP=1169.440
FLEX: 2427 2085 2193 2099 2239 | ACC: -8220 14344 596 | GYRO: 483 685 -265 | GDP=879.056
FLEX: 2384 2074 2141 2039 2237 | ACC: -7972 14316 344 | GYRO: 485 687 -30 | GDP=841.483
FLEX: 2418 2047 2198 2115 2269 | ACC: -8192 14540 560 | GYRO: 356 3674 274 | GDP=3701.363
FLEX: 2391 2079 2178 2055 2225 | ACC: -8460 14380 1220 | GYRO: 325 -489 295 | GDP=657.093
FLEX: 2394 2087 2197 2090 2251 | ACC: -7080 13996 104 | GYRO: 438 -616 95 | GDP=761.791
FLEX: 2397 2079 2173 2046 2242 | ACC: -7664 14388 596 | GYRO: 726 -764 -1 | GDP=1053.932
FLEX: 2352 2099 2174 2091 2240 | ACC: -7932 14592 824 | GYRO: 651 -1870 -386 | GDP=2017.349
FLEX: 2416 2096 2163 2034 2194 | ACC: -7180 14184 -196 | GYRO: 641 1022 30 | GDP=1206.758
FLEX: 2432 2089 2178 2089 2245 | ACC: -7512 14388 -184 | GYRO: 776 84 -77 | GDP=784.322
FLEX: 2404 2078 2170 2047 2214 | ACC: -7808 14588 460 | GYRO: 508 3765 333 | GDP=3813.683
FLEX: 2403 2087 2208 2086 2251 | ACC: -9128 14436 1680 | GYRO: 201 -5330 -679 | GDP=5376.833
FLEX: 2388 2083 2176 2046 2228 | ACC: -6344 14136 -980 | GYRO: 819 2570 2 | GDP=2697.344
FLEX: 2401 2099 2194 2095 2225 | ACC: -9044 14544 752 | GYRO: 874 709 435 | GDP=1206.558
FLEX: 2406 2083 2175 2055 2256 | ACC: -7748 14748 84 | GYRO: -62 -376 619 | GDP=726.898
FLEX: 2395 2096 2183 2096 2255 | ACC: -7664 14100 936 | GYRO: 400 182 644 | GDP=779.654
FLEX: 2398 2066 2187 2032 2231 | ACC: -6764 14276 228 | GYRO: 633 -47 45 | GDP=636.336
FLEX: 2426 2089 2192 2080 2249 | ACC: -7432 14548 624 | GYRO: 550 271 59 | GDP=615.972
FLEX: 2398 2077 2166 2037 2246 | ACC: -7364 14272 376 | GYRO: 614 -516 -102 | GDP=808.490
FLEX: 2404 2094 2179 2099 2254 | ACC: -7780 14200 852 | GYRO: 1000 437 -75 | GDP=1093.889
FLEX: 2395 2061 2189 2064 2253 | ACC: -7344 14608 352 | GYRO: 1017 -693 -262 | GDP=1258.246
FLEX: 2414 2081 2185 2093 2239 | ACC: -7720 14468 428 | GYRO: 1083 450 203 | GDP=1190.209
FLEX: 2397 2062 2162 2045 2242 | ACC: -7628 14276 116 | GYRO: 1011 -824 -164 | GDP=1314.531
FLEX: 2402 2091 2212 2194 2241 | ACC: -7612 14512 40 | GYRO: 998 639 85 | GDP=1188.087
FLEX: 2379 2083 2193 2094 2235 | ACC: -7816 14620 200 | GYRO: 479 -646 -9 | GDP=804.262
FLEX: 2403 2096 2198 2096 2271 | ACC: -7740 14304 100 | GYRO: 530 689 422 | GDP=966.284
FLEX: 2384 2081 2199 2097 2226 | ACC: -7556 14212 404 | GYRO: 749 -168 136 | GDP=779.565
FLEX: 2421 2087 2205 2126 2253 | ACC: -7240 14620 116 | GYRO: 757 415 311 | GDP=917.603
FLEX: 2403 2079 2174 2091 2239 | ACC: -7768 14552 564 | GYRO: 854 -481 300 | GDP=1025.025
FLEX: 2439 2110 2157 2068 2261 | ACC: -7280 14416 -100 | GYRO: 739 703 585 | GDP=1175.821
FLEX: 2400 2112 2194 2068 2266 | ACC: -7612 14464 468 | GYRO: 765 -249 -106 | GDP=811.457
FLEX: 2431 2064 2165 2099 2250 | ACC: -6964 14664 -232 | GYRO: 564 160 202 | GDP=620.081
FLEX: 2355 2082 2234 2075 2195 | ACC: -7784 14316 468 | GYRO: 1002 -17 294 | GDP=1044.380
FLEX: 2379 2066 2238 2103 2215 | ACC: -7104 14644 -340 | GYRO: 1085 1951 494 | GDP=2286.408
FLEX: 2382 2125 2176 2128 2240 | ACC: -7508 15004 -948 | GYRO: 1694 5583 1476 | GDP=6018.147
FLEX: 2405 2091 2197 2035 2278 | ACC: -7112 14712 -2024 | GYRO: 2475 10014 2856 | GDP=10703.390
FLEX: 2395 1987 2203 2045 2220 | ACC: -7992 15148 -1496 | GYRO: 3312 13730 4169 | GDP=14726.263
FLEX: 2398 2079 2160 2145 2279 | ACC: -7520 14988 -804 | GYRO: 2203 6716 3769 | GDP=8010.195
FLEX: 2389 2079 2176 2016 2213 | ACC: -5972 15200 -2112 | GYRO: 1315 2553 2603 | GDP=3875.906
FLEX: 2425 2097 2199 2079 2274 | ACC: -4500 15144 -3688 | GYRO: -586 -1136 2116 | GDP=2472.114
FLEX: 2416 2082 2187 2044 2239 | ACC: -4232 15260 -3100 | GYRO: -1181 -814 1331 | GDP=1956.762
FLEX: 2434 2064 2131 2096 2254 | ACC: -4524 14940 -1664 | GYRO: -1565 -2377 80 | GDP=2847.061
FLEX: 2395 2087 2174 2064 2223 | ACC: -4308 14864 -1424 | GYRO: -1444 -2069 -780 | GDP=2640.889
FLEX: 2411 2070 2195 2083 2255 | ACC: -6632 15316 1288 | GYRO: -1740 -3575 -1183 | GDP=4148.218
FLEX: 2418 2079 2192 2032 2221 | ACC: -5576 15428 -688 | GYRO: 464 -858 3 | GDP=975.433
FLEX: 2401 2077 2158 2059 2231 | ACC: -5276 15444 -1224 | GYRO: 798 -1365 194 | GDP=1593.005
FLEX: 2415 2073 2187 2057 2251 | ACC: -4968 14928 -724 | GYRO: 1156 397 106 | GDP=1226.858
FLEX: 2415 2076 2155 2056 2241 | ACC: -5380 15372 -1316 | GYRO: 1336 -719 -597 | GDP=1630.419
FLEX: 2414 2066 2192 2026 2245 | ACC: -5064 15228 -1960 | GYRO: 696 -1399 -762 | GDP=1738.465
FLEX: 2406 2087 2206 2091 2222 | ACC: -5736 15172 -964 | GYRO: 965 -5 -794 | GDP=1249.674
FLEX: 2412 2069 2198 2061 2259 | ACC: -6080 15092 -688 | GYRO: 944 -702 -910 | GDP=1487.293
FLEX: 2379 2093 2183 2085 2209 | ACC: -5484 15344 -1940 | GYRO: 1339 -315 -744 | GDP=1563.868
FLEX: 2397 2096 2172 2064 2233 | ACC: -6496 15368 -1444 | GYRO: 781 -299 -521 | GDP=985.293
FLEX: 2397 2061 2177 2069 2239 | ACC: -6364 15196 -992 | GYRO: 473 -797 -548 | GDP=1076.681
FLEX: 2406 2103 2189 2074 2242 | ACC: -5672 14928 -1328 | GYRO: 1127 -580 -466 | GDP=1350.439
FLEX: 2419 2043 2181 2041 2240 | ACC: -6160 15092 -1800 | GYRO: 1265 347 158 | GDP=1321.211
FLEX: 2384 2083 2186 2070 2244 | ACC: -6284 15336 -1976 | GYRO: 654 -561 -432 | GDP=963.878
FLEX: 2384 2087 2179 2082 2229 | ACC: -5868 15084 -1572 | GYRO: 217 -219 -329 | GDP=450.878
FLEX: 2419 2102 2177 2064 2240 | ACC: -6044 14760 0 | GYRO: 885 33 -354 | GDP=953.745
FLEX: 2390 2075 2165 2064 2231 | ACC: -5604 14580 -1264 | GYRO: 1689 -258 -470 | GDP=1772.057
FLEX: 2390 2085 2182 2061 2236 | ACC: -7076 15280 -1576 | GYRO: 1512 1362 24 | GDP=2035.132
FLEX: 2402 2099 2160 2081 2209 | ACC: -6500 15196 -2060 | GYRO: 1144 103 196 | GDP=1165.230
FLEX: 2421 2077 2178 2077 2243 | ACC: -6784 15056 -1844 | GYRO: 1088 854 696 | GDP=1548.379
FLEX: 2391 2065 2136 2066 2237 | ACC: -6488 15024 -1276 | GYRO: 1448 -477 1371 | GDP=2050.335
FLEX: 2389 2096 2170 2072 2217 | ACC: -5196 15132 -2068 | GYRO: 1432 386 1180 | GDP=1895.263
FLEX: 2410 2054 2187 2077 2224 | ACC: -5868 15048 -1360 | GYRO: 1811 -144 853 | GDP=2007.004
FLEX: 2402 2081 2175 2091 2246 | ACC: -5468 15168 -2404 | GYRO: 2043 -636 772 | GDP=2274.715
FLEX: 2405 2080 2160 2076 2214 | ACC: -6064 15360 -2724 | GYRO: 1717 340 965 | GDP=1998.728
FLEX: 2400 2085 2189 2096 2256 | ACC: -7200 14136 -4008 | GYRO: 1413 5496 1319 | GDP=5826.006
FLEX: 2415 2069 2177 2076 2241 | ACC: -4676 14664 -1548 | GYRO: 3779 -1745 2593 | GDP=4904.031
FLEX: 2416 2057 2166 2077 2236 | ACC: -3280 15320 -4156 | GYRO: 2103 85 1352 | GDP=2501.547
FLEX: 2414 2080 2149 2071 2224 | ACC: -3444 15588 -4604 | GYRO: 1239 -376 555 | GDP=1408.731
FLEX: 2400 2087 2186 2095 2224 | ACC: -4232 15496 -3552 | GYRO: 179 -889 -541 | GDP=1055.956
FLEX: 2369 2078 2153 2064 2229 | ACC: -4664 15356 -3164 | GYRO: -1 -688 -297 | GDP=749.369
FLEX: 2396 2091 2181 2086 2245 | ACC: -5216 15084 -2392 | GYRO: 337 -208 -272 | GDP=480.434
FLEX: 2387 2078 2159 2057 2231 | ACC: -3940 15376 -4324 | GYRO: -95 -1359 -467 | GDP=1440.137
FLEX: 2399 2089 2193 2061 2255 | ACC: -5960 16136 -660 | GYRO: -589 67 -1450 | GDP=1566.496
FLEX: 2395 2064 2175 2030 2223 | ACC: -5248 15536 -2648 | GYRO: -465 -1257 -1010 | GDP=1678.206
FLEX: 2403 2083 2188 2064 2268 | ACC: -5760 15332 -1444 | GYRO: 88 -236 -406 | GDP=477.782
FLEX: 2395 2069 2166 2042 2225 | ACC: -4576 14932 -2424 | GYRO: 160 -637 -397 | GDP=767.449
FLEX: 2416 2075 2181 2058 2240 | ACC: -5088 15108 -2404 | GYRO: 236 -627 -978 | GDP=1185.457
FLEX: 2393 2079 2192 2045 2251 | ACC: -5540 15384 -2728 | GYRO: -15 -833 -997 | GDP=1299.278
FLEX: 2409 2071 2212 2089 2234 | ACC: -5760 15024 -2108 | GYRO: -44 410 -1007 | GDP=1088.157
FLEX: 2390 2087 2164 2036 2211 | ACC: -5484 15188 -2572 | GYRO: -239 160 -871 | GDP=917.258
FLEX: 2411 2101 2176 2084 2253 | ACC: -6700 15228 -1364 | GYRO: -243 -86 -879 | GDP=916.016
FLEX: 2384 2097 2162 2064 2256 | ACC: -6280 15100 -1704 | GYRO: -281 62 -579 | GDP=646.565
FLEX: 2416 2083 2187 2071 2229 | ACC: -6456 15088 -1624 | GYRO: -209 -663 -422 | GDP=813.224
FLEX: 2384 2078 2169 2042 2226 | ACC: -6304 15128 -1420 | GYRO: -217 -646 19 | GDP=681.737
FLEX: 2405 2091 2177 2085 2247 | ACC: -6212 15152 -1220 | GYRO: 101 -629 246 | GDP=682.904
FLEX: 2382 2075 2132 2055 2256 | ACC: -5960 15176 -1104 | GYRO: 263 -340 382 | GDP=575.059
FLEX: 2416 2123 2185 2071 2255 | ACC: -5940 15228 -1408 | GYRO: 487 -430 585 | GDP=874.239
FLEX: 2399 2063 2174 2032 2259 | ACC: -6592 15220 -944 | GYRO: 345 -585 664 | GDP=949.814
FLEX: 2385 2111 2193 2085 2244 | ACC: -5936 15184 -1568 | GYRO: 965 -125 1222 | GDP=1562.093
FLEX: 2402 2066 2163 2047 2235 | ACC: -5044 15328 -2076 | GYRO: 717 201 1194 | GDP=1407.170
FLEX: 2410 2097 2203 2096 2255 | ACC: -3880 15440 -3284 | GYRO: -287 685 544 | GDP=920.614
FLEX: 2399 2096 2174 2047 2237 | ACC: -4384 15196 -2224 | GYRO: -826 42 -609 | GDP=1027.094
FLEX: 2417 2096 2143 2086 2238 | ACC: -5320 15528 -1280 | GYRO: -1505 -137 -1039 | GDP=1833.934
FLEX: 2384 2075 2177 2035 2231 | ACC: -6104 15144 -140 | GYRO: -1987 -481 -991 | GDP=2271.918
FLEX: 2403 2111 2208 2077 2247 | ACC: -5352 14756 36 | GYRO: -1282 350 -805 | GDP=1553.721
FLEX: 2416 2064 2191 2031 2227 | ACC: -5120 14916 -520 | GYRO: -1061 -1382 -2048 | GDP=2688.856
FLEX: 2393 2069 2190 2066 2250 | ACC: -7040 14744 1820 | GYRO: -3206 -9900 -4705 | GDP=11420.396
FLEX: 2397 2078 2177 2043 2236 | ACC: -9336 15572 2672 | GYRO: -7074 -29002 -6455 | GDP=30542.176
FLEX: 2407 2094 2177 2107 2241 | ACC: -11388 14612 5608 | GYRO: -11586 -32768 -11167 | GDP=36505.879
FLEX: 2406 2081 2176 2033 2237 | ACC: -5132 14860 1112 | GYRO: -16353 -32768 -8657 | GDP=37631.184
FLEX: 2410 2080 2172 2097 2234 | ACC: -596 12396 6264 | GYRO: -15944 -32768 -6931 | GDP=37094.363
FLEX: 2391 2064 2173 2032 2221 | ACC: 1944 11004 9072 | GYRO: -11028 -14072 -3226 | GDP=18167.141
FLEX: 2404 2081 2179 2090 2250 | ACC: 188 9088 13524 | GYRO: -9782 3191 -380 | GDP=10296.330
FLEX: 2387 2074 2176 2039 2224 | ACC: -2636 7320 17968 | GYRO: -7514 2042 -881 | GDP=7836.206
FLEX: 2405 2093 2191 2077 2250 | ACC: -1328 7288 15896 | GYRO: -2429 -1901 -1420 | GDP=3395.621
FLEX: 2391 2071 2178 2035 2224 | ACC: -2208 7912 15388 | GYRO: 175 778 -93 | GDP=802.844
FLEX: 2430 2101 2177 2094 2237 | ACC: -2264 7808 15348 | GYRO: 308 -392 431 | GDP=659.006
FLEX: 2403 2070 2187 2054 2231 | ACC: -1364 8744 13188 | GYRO: 2096 2574 2086 | GDP=3920.470
FLEX: 2417 2082 2165 2097 2254 | ACC: -3080 9168 13764 | GYRO: 1447 5285 2516 | GDP=6029.535
FLEX: 2390 2074 2167 2038 2224 | ACC: -2152 9244 12744 | GYRO: 590 7090 3362 | GDP=7868.878
FLEX: 2411 2099 2203 2092 2240 | ACC: -940 9060 12596 | GYRO: -1442 9370 4212 | GDP=10373.871
