# label=Three
# timestamp=1763139296.3746886
# format: FLEX: f1 f2 f3 f4 f5 | ACC: ax ay az | GYRO: gx gy gz | GDP=val
FLEX: 2554 0 2128 1909 2919 | ACC: -8208 8084 12768 | GYRO: 685 -2987 -283 | GDP=3077.577
FLEX: 2497 0 2135 1901 2506 | ACC: -8048 7904 12592 | GYRO: -55 -1458 258 | GDP=1481.672
FLEX: 2468 0 2165 1933 2931 | ACC: -7468 8208 11976 | GYRO: -218 -2017 416 | GDP=2070.958
FLEX: 2466 0 2125 1887 2503 | ACC: -7164 8436 11396 | GYRO: -914 -2957 75 | GDP=3095.944
FLEX: 2478 0 2103 1904 3021 | ACC: -7424 7892 13424 | GYRO: -2625 -6529 628 | GDP=7064.902
FLEX: 2484 0 2133 1898 2507 | ACC: -6724 7544 13964 | GYRO: -3333 -13564 1167 | GDP=14016.165
FLEX: 2494 0 2148 1922 2959 | ACC: -4932 6996 14676 | GYRO: -3635 -16522 2009 | GDP=17036.014
FLEX: 2468 0 2139 1893 2495 | ACC: -2020 6920 14496 | GYRO: -2271 -15193 2122 | GDP=15507.661
FLEX: 2483 0 2146 1925 2977 | ACC: 752 6212 14136 | GYRO: -1897 -7736 1992 | GDP=8210.504
FLEX: 2448 0 2149 1875 2496 | ACC: 612 6296 15932 | GYRO: -534 -3627 1368 | GDP=3913.018
FLEX: 2491 0 2146 1915 2911 | ACC: 1152 6320 15440 | GYRO: 240 -1892 1008 | GDP=2157.157
FLEX: 2464 0 2103 1894 2511 | ACC: 1364 6504 15596 | GYRO: 851 505 650 | GDP=1183.945
FLEX: 2479 0 2096 1958 2957 | ACC: 1024 6152 15220 | GYRO: 2185 5926 -70 | GDP=6316.375
FLEX: 2476 0 2130 1904 2457 | ACC: -1252 6768 16592 | GYRO: 2783 3863 -461 | GDP=4783.344
FLEX: 2513 0 2128 1979 2942 | ACC: -1040 6996 15148 | GYRO: 2673 -625 -323 | GDP=2764.034
FLEX: 2448 0 2147 1939 2532 | ACC: -724 7108 14720 | GYRO: 2703 -1082 -712 | GDP=2997.312
FLEX: 2448 0 2145 1982 2929 | ACC: -616 7564 14084 | GYRO: 1107 -3749 -795 | GDP=3989.044
FLEX: 2412 0 2112 1936 2511 | ACC: -2048 7400 15640 | GYRO: -293 -6656 -329 | GDP=6670.564
FLEX: 2467 0 2128 1934 2953 | ACC: 1996 7348 12640 | GYRO: -1655 -9555 -316 | GDP=9702.417
FLEX: 2444 0 2148 1925 2487 | ACC: -280 6868 15828 | GYRO: -1706 -4570 -826 | GDP=4947.485
FLEX: 2480 2028 2160 1951 2880 | ACC: 2496 6656 13964 | GYRO: -2434 -6337 38 | GDP=6788.473
FLEX: 2481 0 2117 1891 2505 | ACC: 1936 6316 16692 | GYRO: -583 -2358 252 | GDP=2442.040
FLEX: 2465 0 2118 1936 2874 | ACC: 3200 5900 15932 | GYRO: 997 -415 -101 | GDP=1084.636
FLEX: 2458 0 2159 1919 2537 | ACC: 1976 6320 15932 | GYRO: 1899 476 -342 | GDP=1987.396
FLEX: 2474 0 2120 1909 2832 | ACC: 2456 6936 14704 | GYRO: 1966 641 -218 | GDP=2079.317
FLEX: 2482 0 2160 1931 2549 | ACC: 2112 6724 14712 | GYRO: 1427 1578 67 | GDP=2128.592
FLEX: 2491 0 2160 1955 2789 | ACC: 2364 6928 14200 | GYRO: 1981 1052 92 | GDP=2244.890
FLEX: 2459 0 2122 1914 2609 | ACC: 2972 6984 13424 | GYRO: 1486 8423 310 | GDP=8558.692
FLEX: 2480 0 2119 1926 2786 | ACC: 1440 6932 14892 | GYRO: 1589 7459 294 | GDP=7632.040
FLEX: 2455 0 2133 1904 2618 | ACC: 28 6856 13696 | GYRO: 2289 23916 -292 | GDP=24027.064
FLEX: 2486 0 2154 1914 2778 | ACC: -3772 8224 9384 | GYRO: 3137 32767 -346 | GDP=32918.637
FLEX: 2493 0 2144 1935 2617 | ACC: -11016 6344 5988 | GYRO: 1465 32767 -939 | GDP=32813.172
FLEX: 2483 0 2131 1903 2754 | ACC: -19168 6928 17212 | GYRO: -1081 24541 1035 | GDP=24586.592
FLEX: 2487 0 2143 1935 2666 | ACC: -10488 7708 7244 | GYRO: 666 8160 1633 | GDP=8348.404
FLEX: 2478 0 2125 1925 2683 | ACC: -12580 6968 9512 | GYRO: 141 3946 730 | GDP=4015.432
FLEX: 2466 2000 2155 1929 2673 | ACC: -11620 7608 7404 | GYRO: -269 1493 988 | GDP=1810.402
FLEX: 2483 1995 2161 1913 2669 | ACC: -13508 7648 9336 | GYRO: 821 3470 1194 | GDP=3760.396
FLEX: 2465 2020 2150 1931 2702 | ACC: -14828 8232 9424 | GYRO: 3016 5073 2713 | GDP=6495.533
FLEX: 2480 2011 2149 1919 2645 | ACC: -14780 8560 10936 | GYRO: 6135 6474 4991 | GDP=10220.615
FLEX: 2465 2027 2146 1920 2658 | ACC: -15392 10228 8816 | GYRO: 9481 6509 7066 | GDP=13497.585
FLEX: 2463 1992 2128 1920 2646 | ACC: -14532 9992 6072 | GYRO: 10187 5387 8737 | GDP=14461.324
FLEX: 2492 2005 2162 1937 2714 | ACC: -12932 10460 3444 | GYRO: 9064 1784 9213 | GDP=13046.767
FLEX: 2472 2018 2138 1926 2605 | ACC: -12772 11264 996 | GYRO: 7334 5317 9709 | GDP=13278.657
FLEX: 2485 2020 2160 1943 2769 | ACC: -12004 11940 -256 | GYRO: 6014 5654 11601 | GDP=14237.946
FLEX: 2458 2011 2127 1935 2559 | ACC: -9216 11856 -1728 | GYRO: 5992 5556 12692 | GDP=15095.034
FLEX: 2475 2002 2146 1962 2807 | ACC: -5356 10632 -2180 | GYRO: 5350 3575 12606 | GDP=14153.246
FLEX: 2474 1987 2116 1940 2554 | ACC: -1676 10468 -1572 | GYRO: 3796 4686 10332 | GDP=11963.212
FLEX: 2490 2003 2153 1936 2789 | ACC: -836 12296 -1616 | GYRO: 4207 4514 5949 | GDP=8571.210
FLEX: 2475 1989 2169 1921 2530 | ACC: -1132 12324 -916 | GYRO: 1719 773 2233 | GDP=2922.119
FLEX: 2477 2005 2145 1916 2930 | ACC: -3440 12452 284 | GYRO: 2283 2159 -562 | GDP=3192.055
FLEX: 2455 1982 2149 1902 2531 | ACC: -4192 22184 4760 | GYRO: 8314 4119 -2381 | GDP=9579.035
FLEX: 2480 2000 2145 1974 2900 | ACC: -8988 15512 -5940 | GYRO: 3165 -345 -590 | GDP=3237.955
FLEX: 2470 2000 2124 1917 2476 | ACC: -7696 14828 -3476 | GYRO: 1695 -1017 90 | GDP=1978.740
FLEX: 2480 2002 2157 1934 2862 | ACC: -6036 15008 -4724 | GYRO: 977 -587 146 | GDP=1149.093
FLEX: 2461 2011 2143 1919 2495 | ACC: -6580 15196 -3532 | GYRO: -96 -773 507 | GDP=929.405
FLEX: 2481 2019 2165 1941 2874 | ACC: -4728 15020 -5412 | GYRO: 39 2597 821 | GDP=2723.962
FLEX: 2460 1995 2145 1926 2470 | ACC: -4196 15040 -5344 | GYRO: -1138 2048 666 | GDP=2435.755
FLEX: 2485 2002 2138 1941 2911 | ACC: -4488 15224 -4212 | GYRO: -2055 1636 -385 | GDP=2654.759
FLEX: 2453 2003 2163 1914 2487 | ACC: -4944 15316 -3860 | GYRO: -3381 2256 -1298 | GDP=4266.791
FLEX: 2480 2026 2159 1933 2911 | ACC: -4888 14952 -2928 | GYRO: -5795 -816 -1565 | GDP=6057.813
FLEX: 2450 2001 2133 1909 2486 | ACC: -3660 14284 -3176 | GYRO: -4977 2570 -2768 | GDP=6247.980
FLEX: 2506 2003 2147 1936 2930 | ACC: -4440 14356 -2036 | GYRO: -6773 2093 -4443 | GDP=8366.267
FLEX: 2462 1971 2146 1913 2477 | ACC: -5636 13724 1344 | GYRO: -7335 1527 -6559 | GDP=9957.632
FLEX: 2502 1999 2145 1929 2919 | ACC: -7624 13340 1984 | GYRO: -5633 509 -6969 | GDP=8975.340
FLEX: 2472 1998 2155 1926 2487 | ACC: -11284 13704 3736 | GYRO: -3439 -42 -5198 | GDP=6232.792
FLEX: 2502 2019 2134 1981 2931 | ACC: -13236 13972 5016 | GYRO: -2958 321 -2854 | GDP=4122.877
FLEX: 2463 1974 2167 1886 2352 | ACC: -10604 13416 2864 | GYRO: -744 1225 -628 | GDP=1564.783
FLEX: 2442 2034 2160 1953 2917 | ACC: -10124 13628 2452 | GYRO: -861 -33 389 | GDP=945.373
FLEX: 2479 2064 2173 1965 2419 | ACC: -9108 13568 1856 | GYRO: -414 1412 811 | GDP=1680.137
FLEX: 2518 2025 2160 1957 2935 | ACC: -8492 13484 1812 | GYRO: -548 -51 662 | GDP=860.900
FLEX: 2423 2013 2129 1834 2475 | ACC: -8300 13680 2096 | GYRO: -628 -868 301 | GDP=1112.838
FLEX: 2403 2010 2125 1952 2832 | ACC: -7168 13836 1240 | GYRO: -754 -844 70 | GDP=1133.910
FLEX: 2471 2047 2150 1965 2416 | ACC: -8764 14016 2840 | GYRO: -664 -3539 -703 | GDP=3668.736
FLEX: 2497 2021 2138 1970 2933 | ACC: -11704 13752 5856 | GYRO: -3044 -16255 -1966 | GDP=16654.012
FLEX: 2525 1970 2153 1951 2464 | ACC: -18224 13796 8556 | GYRO: -7614 -32768 -5007 | GDP=34011.539
FLEX: 2535 2037 2175 1921 2886 | ACC: -12528 15176 -3360 | GYRO: -14377 -32768 486 | GDP=35786.535
FLEX: 2476 2001 2139 1946 2520 | ACC: 14544 9904 16 | GYRO: -10408 -25744 1522 | GDP=27810.006
FLEX: 2498 2010 2142 1936 2855 | ACC: 2008 10500 16080 | GYRO: -4972 355 1510 | GDP=5208.350
FLEX: 2483 1990 2134 1931 2513 | ACC: 3564 9616 14836 | GYRO: -3505 -12523 1898 | GDP=13142.030
FLEX: 2505 2007 2145 1952 2783 | ACC: 5116 9432 14288 | GYRO: 61 3831 1886 | GDP=4270.513
FLEX: 2492 2012 2167 1926 2540 | ACC: 2284 9856 15320 | GYRO: 1100 -2871 1430 | GDP=3390.802
FLEX: 2501 2017 2138 1949 2788 | ACC: 5036 10120 11952 | GYRO: 732 -5647 1371 | GDP=5856.968
FLEX: 2479 2013 2156 1929 2555 | ACC: 4384 9808 13064 | GYRO: 2020 -5347 766 | GDP=5766.937
FLEX: 2480 2014 2116 1922 2781 | ACC: 3816 10272 12812 | GYRO: 1475 -11637 170 | GDP=11731.339
FLEX: 2485 2027 2149 1951 2547 | ACC: 6964 10300 8820 | GYRO: -1759 -19172 380 | GDP=19256.273
FLEX: 2495 2033 2135 1917 2783 | ACC: 6808 10480 10816 | GYRO: 1319 -17041 -824 | GDP=17111.822
FLEX: 2435 2032 2141 1920 2590 | ACC: 9984 10364 7304 | GYRO: -3145 -8964 -996 | GDP=9551.771
FLEX: 2469 1994 2138 1900 2735 | ACC: 9900 9584 9052 | GYRO: -1921 -4024 -144 | GDP=4461.340
FLEX: 2494 2006 2147 1935 2591 | ACC: 10656 9560 9436 | GYRO: -3127 -2650 367 | GDP=4115.254
FLEX: 2492 1996 2142 1926 2736 | ACC: 10512 8756 9924 | GYRO: -1603 -1178 -374 | GDP=2024.146
FLEX: 2511 2006 2130 1917 2619 | ACC: 10740 9544 9260 | GYRO: -3524 -1663 -910 | GDP=4001.530
FLEX: 2479 2005 2133 1915 2638 | ACC: 9412 8580 11504 | GYRO: -2561 -70 -637 | GDP=2639.960
FLEX: 2523 2022 2135 1903 2627 | ACC: 9804 9032 9540 | GYRO: -3201 1825 69 | GDP=3685.348
FLEX: 2494 2034 2117 1888 2640 | ACC: 9772 8376 10724 | GYRO: 304 954 593 | GDP=1163.693
FLEX: 2512 2035 2132 1911 2642 | ACC: 8576 8524 11220 | GYRO: -2545 1991 1519 | GDP=3570.500
FLEX: 2490 2025 2128 1906 2672 | ACC: 8824 8840 11280 | GYRO: 1417 3133 929 | GDP=3561.828
FLEX: 2510 2094 2151 1918 2692 | ACC: 9484 7728 10404 | GYRO: -1564 3493 1785 | GDP=4222.958
FLEX: 2496 2119 2133 1905 2647 | ACC: 8788 8348 10696 | GYRO: -2008 1664 2196 | GDP=3409.307
FLEX: 2547 2139 2185 1911 2698 | ACC: 9284 7128 11668 | GYRO: -3922 2617 1499 | GDP=4947.501
FLEX: 2518 2170 2161 1883 2645 | ACC: 8776 7448 11724 | GYRO: -5809 1936 1616 | GDP=6332.774
FLEX: 2547 2161 2206 1927 2722 | ACC: 10064 6020 12788 | GYRO: -2017 3513 2494 | GDP=4757.047
FLEX: 2550 2176 2183 1927 2605 | ACC: 8812 5784 13368 | GYRO: -340 -88 531 | GDP=636.636
FLEX: 2559 2161 2208 1954 2675 | ACC: 9276 6116 12996 | GYRO: -2500 -360 802 | GDP=2650.057
FLEX: 2542 2181 2198 1921 2559 | ACC: 9116 5128 13764 | GYRO: -2148 1958 837 | GDP=3024.605
FLEX: 2545 2162 2261 1963 2751 | ACC: 9176 4324 13428 | GYRO: -3113 2221 1242 | GDP=4020.718
FLEX: 2557 2160 2195 1919 2558 | ACC: 8860 4932 14420 | GYRO: 1105 2595 1088 | GDP=3023.044
FLEX: 2557 2185 2241 2064 2768 | ACC: 8324 4792 13664 | GYRO: -127 3739 400 | GDP=3762.479
FLEX: 2543 2204 2196 1933 2544 | ACC: 7652 5056 13756 | GYRO: 89 3208 1319 | GDP=3469.719
FLEX: 2559 2235 2218 1978 2769 | ACC: 7520 4948 14332 | GYRO: -1090 1062 67 | GDP=1523.297
FLEX: 2540 2219 2224 1958 2465 | ACC: 7716 5148 13772 | GYRO: -369 719 -158 | GDP=823.460
FLEX: 2553 2210 2222 1967 2769 | ACC: 8016 4444 13804 | GYRO: -974 65 -40 | GDP=976.986
FLEX: 2533 2205 2196 1949 2478 | ACC: 6904 4776 13716 | GYRO: -2370 149 184 | GDP=2381.797
FLEX: 2544 2218 2164 1958 2789 | ACC: 7356 4776 12936 | GYRO: -4196 1262 1605 | GDP=4666.378
FLEX: 2522 2217 2195 1939 2454 | ACC: 6844 3204 14500 | GYRO: -9138 1277 1626 | GDP=9368.973
FLEX: 2518 2199 2198 1968 2833 | ACC: 8876 2312 14712 | GYRO: -3050 557 776 | GDP=3196.080
FLEX: 2544 2213 2191 1927 2463 | ACC: 7316 1000 16680 | GYRO: -1798 1762 1420 | GDP=2890.302
FLEX: 2557 2195 2141 1938 2801 | ACC: 8564 1856 14936 | GYRO: 334 -1937 -649 | GDP=2069.958
FLEX: 2517 2183 2203 1909 2449 | ACC: 8356 1168 15208 | GYRO: 1492 1068 149 | GDP=1840.894
FLEX: 2559 2211 2186 1954 2817 | ACC: 8448 1924 14356 | GYRO: 2347 2293 734 | GDP=3362.293
FLEX: 2531 2189 2214 1904 2426 | ACC: 8764 2380 14164 | GYRO: 2497 4764 887 | GDP=5451.374
FLEX: 2547 2214 2202 1965 2839 | ACC: 7908 2372 13700 | GYRO: 3191 17374 4840 | GDP=18315.676
FLEX: 2534 2188 2181 1936 2432 | ACC: 6732 1324 16152 | GYRO: 2538 17980 4086 | GDP=18612.287
FLEX: 2559 2192 2203 1940 2834 | ACC: 4780 1916 15780 | GYRO: 4577 21300 3590 | GDP=22080.014
FLEX: 2543 2175 2212 1939 2414 | ACC: 248 2228 16500 | GYRO: 5906 18838 2004 | GDP=19843.566
FLEX: 2559 2187 2221 1959 2864 | ACC: -2484 3084 16128 | GYRO: 5819 18667 2053 | GDP=19660.430
FLEX: 2559 2194 2202 1931 2413 | ACC: -4600 4380 14416 | GYRO: 5140 18663 1866 | GDP=19447.600
FLEX: 2593 2192 2212 1983 2844 | ACC: -5808 5316 13560 | GYRO: 5405 17176 2433 | GDP=18169.988
FLEX: 2559 2145 2193 1935 2393 | ACC: -7356 5704 12924 | GYRO: 5172 18225 2682 | GDP=19133.566
FLEX: 2606 2163 2206 1957 2867 | ACC: -8800 6168 11960 | GYRO: 5975 16084 1935 | GDP=17266.729
FLEX: 2549 2160 2179 1936 2413 | ACC: -10736 6536 11316 | GYRO: 3719 13215 1336 | GDP=13793.189
FLEX: 2589 2167 2224 1967 2848 | ACC: -12160 6936 10768 | GYRO: 5178 9389 1294 | GDP=10799.974
FLEX: 2547 2162 2207 1893 2397 | ACC: -12676 7048 9084 | GYRO: 3731 5714 434 | GDP=6838.020
FLEX: 2595 2167 2196 1969 2995 | ACC: -13292 7312 9804 | GYRO: 1932 3595 519 | GDP=4114.123
FLEX: 2544 2178 2201 1921 2394 | ACC: -12248 7728 8944 | GYRO: 2531 976 795 | GDP=2826.758
FLEX: 2587 2163 2204 1978 2834 | ACC: -12188 7316 9572 | GYRO: 1398 2354 1892 | GDP=3327.970
FLEX: 2559 2160 2162 1856 2384 | ACC: -11156 7316 9424 | GYRO: 1954 2728 2413 | GDP=4133.119
FLEX: 2559 2112 2224 2042 2845 | ACC: -11456 7412 9896 | GYRO: 2593 1975 2054 | GDP=3852.686
FLEX: 2494 2205 2200 1913 2403 | ACC: -11212 7684 9288 | GYRO: 2853 2715 2717 | GDP=4784.655
FLEX: 2546 2128 2171 1968 2855 | ACC: -11440 7500 8904 | GYRO: 4023 3929 2922 | GDP=6337.165
FLEX: 2518 2102 2162 1876 2374 | ACC: -11656 8324 8744 | GYRO: 5951 3961 3538 | GDP=7976.300
FLEX: 2613 2109 2174 1937 2868 | ACC: -11264 9296 7460 | GYRO: 7450 3272 3603 | GDP=8898.882
FLEX: 2598 2116 2161 1950 2391 | ACC: -10152 10472 4380 | GYRO: 6468 3284 3992 | GDP=8279.840
FLEX: 2559 2106 2171 1984 2894 | ACC: -10416 10184 5560 | GYRO: 6025 4742 3546 | GDP=8447.563
FLEX: 2523 2100 2189 1938 2439 | ACC: -10452 10812 5028 | GYRO: 7629 3497 1734 | GDP=8569.563
FLEX: 2586 2132 2227 1979 2821 | ACC: -10968 11340 3636 | GYRO: 7616 2926 1511 | GDP=8297.473
FLEX: 2586 2140 2192 1943 2427 | ACC: -10936 11968 1736 | GYRO: 7018 3598 1715 | GDP=8070.883
FLEX: 2588 2177 2202 1955 2832 | ACC: -11036 12104 848 | GYRO: 6580 4019 2579 | GDP=8130.190
FLEX: 2549 0 2135 1943 2437 | ACC: -11420 12864 -28 | GYRO: 3746 2675 1736 | GDP=4919.536
FLEX: 2610 0 2154 1949 2833 | ACC: -10760 12424 380 | GYRO: 3174 1448 1444 | GDP=3775.727
FLEX: 2544 0 2158 1948 2465 | ACC: -9908 12796 -744 | GYRO: 258 343 1404 | GDP=1468.138
FLEX: 2603 2143 2185 1969 2816 | ACC: -10976 12904 1228 | GYRO: 1404 -110 1379 | GDP=1971.029
FLEX: 2592 2155 2176 1933 2491 | ACC: -10208 12652 1360 | GYRO: 890 741 2029 | GDP=2336.241
FLEX: 2625 2122 2155 1943 2802 | ACC: -10468 12400 1740 | GYRO: 820 443 1763 | GDP=1994.196
FLEX: 2608 2153 2174 1962 2495 | ACC: -9260 12692 628 | GYRO: 1282 -743 1198 | GDP=1905.460
FLEX: 2588 2154 2163 1938 2768 | ACC: -9868 12648 1252 | GYRO: 1397 1607 1730 | GDP=2743.530
FLEX: 2593 2137 2166 1968 2512 | ACC: -10164 12508 1644 | GYRO: 1940 -515 1084 | GDP=2281.202
FLEX: 2596 2111 2169 1946 2763 | ACC: -9620 12988 852 | GYRO: 2244 1118 1635 | GDP=2993.106
FLEX: 2599 2130 2191 1948 2529 | ACC: -9732 13600 708 | GYRO: 3006 1950 2444 | GDP=4337.243
FLEX: 2589 2134 2178 1973 2739 | ACC: -9376 13204 232 | GYRO: 3492 2900 3313 | GDP=5619.611
FLEX: 2559 2128 2179 1941 2529 | ACC: -8604 13224 -1012 | GYRO: 3483 4152 4121 | GDP=6808.306
FLEX: 2559 2109 2179 1951 2737 | ACC: -8320 13696 -1176 | GYRO: 4846 4353 3553 | GDP=7419.982
FLEX: 2559 2109 2159 1941 2559 | ACC: -6924 14132 -3184 | GYRO: 3154 5830 3713 | GDP=7597.564
FLEX: 2559 2097 2133 1976 2753 | ACC: -7044 14288 -3328 | GYRO: 3201 4241 2842 | GDP=6025.732
FLEX: 2559 2089 2161 1955 2557 | ACC: -7232 14392 -3556 | GYRO: 1587 2797 1630 | GDP=3605.368
FLEX: 2551 2100 2173 1951 2686 | ACC: -7580 14812 -3524 | GYRO: 1034 2198 1496 | GDP=2852.784
FLEX: 2541 2085 2199 1978 2559 | ACC: -7992 14892 -3756 | GYRO: -543 -4742 116 | GDP=4774.397
FLEX: 2538 2080 2225 2005 2640 | ACC: -7328 14424 -3356 | GYRO: 886 -147 610 | GDP=1085.682
FLEX: 2585 2090 2258 2071 2550 | ACC: -7712 14592 -2372 | GYRO: 3970 -3910 461 | GDP=5591.200
FLEX: 2530 2097 2265 2138 2655 | ACC: -7136 13960 -3836 | GYRO: 5887 -1561 1227 | GDP=6212.811
FLEX: 2543 2109 2279 2176 2592 | ACC: -7772 13628 -1824 | GYRO: 5993 -5093 235 | GDP=7868.286
FLEX: 2550 2145 2271 2222 2609 | ACC: -6644 14688 -5356 | GYRO: 4802 -3189 215 | GDP=5768.461
FLEX: 2549 2208 2257 2268 2587 | ACC: -7712 14116 -2684 | GYRO: -324 -2561 574 | GDP=2644.461
FLEX: 2521 2224 2256 2271 2605 | ACC: -6316 14116 -4224 | GYRO: -658 -2401 318 | GDP=2509.759
FLEX: 2533 2247 2289 2288 2593 | ACC: -7004 13812 -2272 | GYRO: 833 -2283 -275 | GDP=2445.732
FLEX: 2543 2261 2273 2303 2527 | ACC: -7020 14056 -3228 | GYRO: 2514 -2557 -1510 | GDP=3890.828
FLEX: 2552 2275 2267 2297 2594 | ACC: -6752 14020 -3148 | GYRO: 1675 -1616 -840 | GDP=2474.405
FLEX: 2530 2273 2289 2278 2498 | ACC: -7212 13576 -2568 | GYRO: 2749 478 -1042 | GDP=2978.464
FLEX: 2550 2290 2273 2316 2602 | ACC: -7016 13916 -3612 | GYRO: 2527 2070 -930 | GDP=3396.399
FLEX: 2506 2267 2262 2241 2485 | ACC: -7624 13672 -3804 | GYRO: 3256 1286 -1611 | GDP=3853.655
FLEX: 2547 2288 2291 2293 2592 | ACC: -7740 13600 -5548 | GYRO: 2997 6250 -966 | GDP=6998.404
FLEX: 2539 2237 2275 2249 2469 | ACC: -8852 13572 -4436 | GYRO: 2132 3022 -870 | GDP=3799.317
FLEX: 2558 2281 2219 2270 2613 | ACC: -7604 13752 -6276 | GYRO: 775 2204 -506 | GDP=2390.455
FLEX: 2534 2260 2258 2265 2447 | ACC: -8628 13376 -5192 | GYRO: 594 2637 -245 | GDP=2714.154
FLEX: 2546 2262 2277 2290 2647 | ACC: -7360 13332 -6364 | GYRO: 73 3712 7 | GDP=3712.724
FLEX: 2519 2275 2273 2240 2432 | ACC: -7580 13424 -5804 | GYRO: -315 3373 -409 | GDP=3412.277
FLEX: 2541 2272 2297 2273 2645 | ACC: -5684 13624 -7396 | GYRO: -1397 7712 203 | GDP=7840.138
FLEX: 2524 2240 2283 2253 2411 | ACC: -6996 13284 -5704 | GYRO: -1918 15456 -42 | GDP=15574.608
FLEX: 2544 2263 2276 2288 2702 | ACC: -6040 13388 -7096 | GYRO: -2880 16548 -222 | GDP=16798.213
FLEX: 2529 2194 2270 2239 2428 | ACC: -7052 13584 -4172 | GYRO: -3071 8337 -134 | GDP=8885.638
FLEX: 2559 2177 2277 2271 2729 | ACC: -5752 13780 -5536 | GYRO: -194 5516 0 | GDP=5519.411
FLEX: 2559 2160 2265 2220 2417 | ACC: -6188 13804 -5684 | GYRO: -997 3763 -353 | GDP=3908.809
FLEX: 2546 2195 2288 2265 2731 | ACC: -5444 14176 -7240 | GYRO: 635 -2835 -823 | GDP=3019.566
FLEX: 2587 2171 2255 2241 2431 | ACC: -6200 14328 -7312 | GYRO: -592 292 668 | GDP=939.123
FLEX: 2559 2191 2299 2257 2717 | ACC: -5704 13872 -7108 | GYRO: 667 -1585 -220 | GDP=1733.642
FLEX: 2559 2160 2286 2216 2419 | ACC: -6188 13968 -6176 | GYRO: -640 -813 80 | GDP=1037.771
FLEX: 2618 2189 2270 2209 2741 | ACC: -5524 14028 -6532 | GYRO: -254 -5855 -759 | GDP=5909.452
FLEX: 2553 2171 2277 2233 2382 | ACC: -8228 14008 -4896 | GYRO: -641 -12422 -2138 | GDP=12620.935
FLEX: 2611 2267 2279 2257 2679 | ACC: -9488 14044 -5988 | GYRO: -1827 -30309 -4610 | GDP=30711.977
FLEX: 2554 2179 2277 2225 2346 | ACC: -10272 14992 -5552 | GYRO: -5160 -32768 -4703 | GDP=33503.516
FLEX: 2559 2207 2290 2231 2765 | ACC: -9504 14580 -3184 | GYRO: -10298 -32768 -1243 | GDP=34370.563
FLEX: 2541 2192 2264 2238 2338 | ACC: -7716 13500 148 | GYRO: -12510 -32768 2213 | GDP=35144.551
FLEX: 2559 2187 2271 2265 2752 | ACC: -5804 13180 3648 | GYRO: -15977 -32768 3446 | GDP=36618.047
FLEX: 2537 2192 2241 2233 2352 | ACC: -2840 11616 7460 | GYRO: -17367 -32768 3263 | GDP=37229.043
FLEX: 2559 2199 2274 2259 2725 | ACC: 4012 9780 8820 | GYRO: -14907 -27324 2634 | GDP=31237.119
FLEX: 2525 2171 2254 2217 2362 | ACC: 4540 8164 12528 | GYRO: -10208 -8967 2860 | GDP=13884.882
FLEX: 2559 2210 2256 2269 2762 | ACC: 5288 5388 13480 | GYRO: -6063 587 2918 | GDP=6754.203
FLEX: 2547 2192 2270 2235 2338 | ACC: 4120 3036 13040 | GYRO: -4674 5510 787 | GDP=7268.132
FLEX: 2544 2214 2279 2256 2747 | ACC: 2416 8180 9764 | GYRO: -1852 8180 287 | GDP=8391.940
FLEX: 2544 2174 2275 2190 2341 | ACC: 800 7620 13980 | GYRO: -3340 4439 -783 | GDP=5610.117
FLEX: 2555 2173 2255 2261 2711 | ACC: 2332 7412 12784 | GYRO: -5908 8900 -2601 | GDP=10994.529
FLEX: 2532 2144 2251 2227 2335 | ACC: -3192 7352 18144 | GYRO: -2516 11726 -3351 | GDP=12452.250
FLEX: 2582 2153 2259 2241 2801 | ACC: -1900 7868 12320 | GYRO: 1578 20334 -2197 | GDP=20513.129
FLEX: 2544 2144 2250 2202 2375 | ACC: -10544 5984 19992 | GYRO: -3508 12689 -3013 | GDP=13505.368
FLEX: 2557 2134 2249 2199 2786 | ACC: -9560 5756 21836 | GYRO: -5369 -22557 -3479 | GDP=23446.701
FLEX: 2531 2144 2222 2194 2351 | ACC: 304 5248 14020 | GYRO: -1885 -19441 -2615 | GDP=19706.443
FLEX: 2558 2135 2239 2195 2832 | ACC: 152 5356 17032 | GYRO: -1497 -7380 -476 | GDP=7545.329
FLEX: 2522 2103 2202 2127 2351 | ACC: -164 4756 16412 | GYRO: 1566 14 -100 | GDP=1569.252
FLEX: 2559 2102 2238 2140 2874 | ACC: -1652 5256 16432 | GYRO: 1362 -619 -889 | GDP=1740.266
FLEX: 2506 2087 2254 2135 2387 | ACC: -1352 4780 15912 | GYRO: -810 -1498 -115 | GDP=1706.848
FLEX: 2544 2102 2249 2173 2833 | ACC: -1416 4892 16460 | GYRO: 230 -2127 30 | GDP=2139.610
FLEX: 2559 2127 2202 2138 2357 | ACC: -164 4608 16412 | GYRO: 918 -2224 742 | GDP=2517.829
FLEX: 2613 2143 2213 2195 2850 | ACC: 376 4960 15788 | GYRO: 1412 80 910 | GDP=1681.738
FLEX: 2543 2115 2254 2185 2339 | ACC: 96 4516 16108 | GYRO: 1424 982 648 | GDP=1847.161
FLEX: 2550 2091 2184 2121 2779 | ACC: 340 4988 15628 | GYRO: 1251 -767 -207 | GDP=1481.938
FLEX: 2519 2053 2215 2175 2378 | ACC: 584 5348 14716 | GYRO: 1438 3806 -144 | GDP=4071.144
FLEX: 2542 2102 2215 2203 2818 | ACC: -144 5092 14740 | GYRO: 1355 7541 456 | GDP=7675.327
FLEX: 2532 2111 2231 2213 2387 | ACC: -1440 5436 14880 | GYRO: 1506 18354 783 | GDP=18432.320
FLEX: 2594 2128 2240 2192 2787 | ACC: -2808 5484 12912 | GYRO: 2175 25640 1219 | GDP=25760.943
FLEX: 2515 2080 2266 2207 2365 | ACC: -8788 5576 14232 | GYRO: 1815 27834 2257 | GDP=27984.279
FLEX: 2554 2113 2285 2225 2768 | ACC: -10740 5724 13648 | GYRO: 3324 22005 1141 | GDP=22283.871
FLEX: 2514 2163 2254 2189 2400 | ACC: -11160 6056 11700 | GYRO: 1756 10306 -423 | GDP=10463.083
FLEX: 2538 2160 2237 2185 2732 | ACC: -10864 6272 10436 | GYRO: 726 7090 -335 | GDP=7134.942
FLEX: 2476 2175 2247 2180 2384 | ACC: -11416 6032 10572 | GYRO: 1082 5752 311 | GDP=5861.139
FLEX: 2547 2171 2263 2228 2646 | ACC: -11604 5988 9852 | GYRO: 951 4006 -511 | GDP=4148.922
FLEX: 2541 2215 2251 2224 2355 | ACC: -11868 5688 9784 | GYRO: 1259 2261 -556 | GDP=2646.949
FLEX: 2522 2229 2256 2206 2687 | ACC: -11172 5748 9188 | GYRO: 3149 2839 -843 | GDP=4322.820
FLEX: 2531 2237 2246 2215 2415 | ACC: -12608 5908 9640 | GYRO: 3448 4198 -798 | GDP=5490.784
FLEX: 2545 2251 2240 2207 2656 | ACC: -12116 5504 8468 | GYRO: 4044 4419 -1626 | GDP=6206.881
FLEX: 2559 2234 2267 2219 2416 | ACC: -13360 6260 8248 | GYRO: 4540 3655 -1784 | GDP=6095.349
FLEX: 2541 2229 2248 2230 2689 | ACC: -12296 5736 6760 | GYRO: 4935 3242 -1936 | GDP=6213.927
FLEX: 2545 2240 2246 2192 2426 | ACC: -13944 6848 6788 | GYRO: 7167 8295 -1638 | GDP=11084.040
FLEX: 2547 2224 2243 2229 2652 | ACC: -13892 6000 4952 | GYRO: 4073 5471 -127 | GDP=6821.825
FLEX: 2559 2240 2252 2215 2391 | ACC: -14116 6784 4324 | GYRO: 5051 7928 -373 | GDP=9407.705
FLEX: 2531 2215 2258 2217 2633 | ACC: -14884 6912 4028 | GYRO: 2229 6004 1529 | GDP=6584.398
FLEX: 2541 2211 2255 2235 2449 | ACC: -14840 6468 2428 | GYRO: 1727 5095 -212 | GDP=5383.911
FLEX: 2534 2198 2230 2224 2629 | ACC: -15080 6912 2948 | GYRO: 2027 803 -282 | GDP=2198.423
FLEX: 2519 2191 2257 2256 2450 | ACC: -14016 6864 1760 | GYRO: 1433 1407 96 | GDP=2010.561
FLEX: 2542 2181 2250 2247 2614 | ACC: -14856 7172 2236 | GYRO: 765 2877 757 | GDP=3071.710
FLEX: 2559 2157 2256 2224 2442 | ACC: -14036 6524 1468 | GYRO: 75 938 1036 | GDP=1399.559
FLEX: 2533 2132 2229 2218 2559 | ACC: -14380 7320 1648 | GYRO: 236 2294 1316 | GDP=2655.181
FLEX: 2537 2091 2263 2181 2469 | ACC: -13872 7200 856 | GYRO: -725 1839 872 | GDP=2160.539
FLEX: 2542 2077 2210 2128 2597 | ACC: -15876 7560 2580 | GYRO: -1153 -1022 1338 | GDP=2040.622
FLEX: 2523 2087 2210 2065 2527 | ACC: -13888 7324 1228 | GYRO: -2794 -261 1530 | GDP=3196.163
FLEX: 2544 2055 2186 2045 2583 | ACC: -14340 7604 2928 | GYRO: -799 -113 2082 | GDP=2232.912
FLEX: 2512 2041 2186 2047 2544 | ACC: -14040 7568 2772 | GYRO: -590 -1133 1376 | GDP=1877.542
FLEX: 2527 2054 2166 2000 2615 | ACC: -13376 7188 3196 | GYRO: -381 424 1139 | GDP=1273.679
FLEX: 2544 2076 2180 2029 2559 | ACC: -13580 7572 2928 | GYRO: 534 -165 812 | GDP=985.761
FLEX: 2544 2064 2158 1979 2559 | ACC: -13604 7820 2332 | GYRO: 167 -34 131 | GDP=214.956
FLEX: 2535 2106 2186 2010 2606 | ACC: -14640 8232 2552 | GYRO: 164 -1811 -819 | GDP=1994.336
FLEX: 2515 2067 2147 1951 2559 | ACC: -13460 7852 1356 | GYRO: -1924 153 -540 | GDP=2004.192
FLEX: 2522 2090 2171 1988 2559 | ACC: -14720 7772 3304 | GYRO: -170 -2154 -385 | GDP=2194.730
FLEX: 2528 2070 2159 1958 2559 | ACC: -13960 7804 2868 | GYRO: -782 -1426 30 | GDP=1626.622
FLEX: 2544 2084 2186 1946 2641 | ACC: -14784 7404 4108 | GYRO: -994 -950 512 | GDP=1467.201
FLEX: 2525 2071 2130 1957 2559 | ACC: -13360 7680 3544 | GYRO: 308 -431 711 | GDP=886.649
FLEX: 2511 2061 2190 1946 2640 | ACC: -13644 7876 3444 | GYRO: -399 -688 402 | GDP=891.150
FLEX: 2510 2061 2161 1931 2539 | ACC: -13440 7484 4248 | GYRO: -159 -865 -310 | GDP=932.527
FLEX: 2515 2059 2187 1962 2647 | ACC: -13376 7656 3988 | GYRO: -464 -270 149 | GDP=557.133
FLEX: 2525 2041 2160 1962 2533 | ACC: -13724 7180 5100 | GYRO: 969 -1396 -660 | GDP=1823.013
FLEX: 2544 2067 2192 1951 2629 | ACC: -13860 7136 4448 | GYRO: 761 -2186 -628 | GDP=2398.354
FLEX: 2491 2079 2160 1938 2491 | ACC: -13452 7472 4352 | GYRO: 1553 -1356 -438 | GDP=2107.698
FLEX: 2539 2081 2191 1954 2687 | ACC: -13648 7412 4248 | GYRO: 1049 -36 -42 | GDP=1050.458
FLEX: 2516 2066 2165 1926 2495 | ACC: -13460 8032 3720 | GYRO: 1793 -483 -402 | GDP=1899.932
FLEX: 2534 2063 2211 1968 2691 | ACC: -13956 7568 4160 | GYRO: 980 -1395 -344 | GDP=1739.184
FLEX: 2529 2060 2179 1945 2465 | ACC: -13904 7504 4104 | GYRO: 712 99 -70 | GDP=722.250
FLEX: 2549 2080 2190 1988 2682 | ACC: -13684 7672 4776 | GYRO: 1539 -1200 -36 | GDP=1951.875
FLEX: 2519 0 2178 1987 2451 | ACC: -13976 7372 3816 | GYRO: 221 -231 76 | GDP=328.600
FLEX: 2544 0 2192 2002 2693 | ACC: -13480 7324 4732 | GYRO: 54 -1413 174 | GDP=1424.697
FLEX: 2503 0 2159 1949 2491 | ACC: -13588 7608 4860 | GYRO: 675 873 283 | GDP=1139.229
FLEX: 2543 0 2115 1998 2706 | ACC: -13236 7600 4332 | GYRO: 646 -981 62 | GDP=1176.232
FLEX: 2535 0 2169 1969 2427 | ACC: -13464 7584 4936 | GYRO: 366 -707 88 | GDP=800.968
FLEX: 2549 2071 2173 2000 2662 | ACC: -13184 7404 4800 | GYRO: -213 -216 243 | GDP=388.682
FLEX: 2515 2064 2154 1950 2433 | ACC: -13592 7628 5264 | GYRO: -123 -530 -25 | GDP=544.660
FLEX: 2537 2065 2159 1979 2715 | ACC: -13148 7328 5180 | GYRO: -49 -427 9 | GDP=429.896
FLEX: 2525 2039 2161 1933 2416 | ACC: -13516 7252 5444 | GYRO: 792 428 408 | GDP=988.389
FLEX: 2521 2054 2162 1942 2734 | ACC: -13316 7428 5276 | GYRO: 878 611 197 | GDP=1087.664
FLEX: 2522 2074 2160 1939 2406 | ACC: -13536 7480 5144 | GYRO: 549 -124 165 | GDP=586.517
FLEX: 2544 2066 2178 1950 2750 | ACC: -13228 7508 4536 | GYRO: 2 -551 -145 | GDP=569.763
FLEX: 2512 0 2149 1943 2389 | ACC: -13684 7448 5316 | GYRO: 744 -552 -30 | GDP=926.898
FLEX: 2559 2057 2193 2004 2749 | ACC: -13300 7556 5196 | GYRO: 185 -192 -132 | GDP=297.511
FLEX: 2526 2066 2191 1950 2377 | ACC: -13808 7604 5664 | GYRO: 11 -1037 -294 | GDP=1077.927
FLEX: 2547 2118 2193 1994 2737 | ACC: -13400 7108 5752 | GYRO: 506 -1011 -124 | GDP=1137.336
FLEX: 2509 2055 2189 1996 2375 | ACC: -12916 7136 5576 | GYRO: 1417 88 -321 | GDP=1455.567
FLEX: 2554 2077 2181 1994 2746 | ACC: -13452 7364 5652 | GYRO: 1433 -486 -641 | GDP=1643.340
FLEX: 2512 2061 2192 1956 2414 | ACC: -13416 7796 4704 | GYRO: 810 -957 -943 | GDP=1568.821
FLEX: 2451 2082 2181 2020 2818 | ACC: -13988 7492 5368 | GYRO: 187 -705 -555 | GDP=916.526
FLEX: 2524 2087 2177 1946 2379 | ACC: -13736 7356 5656 | GYRO: 255 -530 -38 | GDP=589.380
FLEX: 2542 2086 2181 2000 2779 | ACC: -13372 7056 5840 | GYRO: 98 -343 138 | GDP=382.488
FLEX: 2527 2084 2167 1966 2384 | ACC: -13416 7220 5740 | GYRO: 765 37 395 | GDP=861.753
FLEX: 2549 2090 2177 2014 2784 | ACC: -13232 7176 5816 | GYRO: 1388 1026 715 | GDP=1868.273
FLEX: 2542 2083 2159 1964 2357 | ACC: -13044 7612 5020 | GYRO: 2075 488 369 | GDP=2163.315
FLEX: 2531 2099 2191 1984 2774 | ACC: -13484 7460 4988 | GYRO: 808 451 184 | GDP=943.462
FLEX: 2501 2074 2174 1968 2358 | ACC: -13196 7508 4728 | GYRO: 524 420 49 | GDP=673.333
FLEX: 2559 2078 2202 2004 2807 | ACC: -13408 7628 5108 | GYRO: 256 -325 -160 | GDP=443.578
FLEX: 2534 2054 2163 1956 2341 | ACC: -13880 7180 5580 | GYRO: -426 -455 88 | GDP=629.480
FLEX: 2547 2084 2171 2007 2807 | ACC: -13332 7224 5408 | GYRO: 114 -49 246 | GDP=275.523
FLEX: 2512 2075 2158 1951 2356 | ACC: -12964 7736 4360 | GYRO: -495 -682 -530 | GDP=995.514
FLEX: 2559 2086 2191 2010 2772 | ACC: -13836 7928 4460 | GYRO: -3973 -4652 -1273 | GDP=6248.708
FLEX: 2535 2073 2175 1999 2354 | ACC: -13860 7324 5928 | GYRO: -7299 -5536 -118 | GDP=9161.693
FLEX: 2544 2074 2193 2034 2781 | ACC: -13052 6076 8280 | GYRO: -2776 -3416 914 | GDP=4495.623
FLEX: 2502 2070 2199 2017 2352 | ACC: -12088 6472 9240 | GYRO: 1285 -2984 771 | GDP=3339.150
FLEX: 2521 2087 2240 2112 2770 | ACC: -12216 6548 9800 | GYRO: 3352 -2228 851 | GDP=4113.890
FLEX: 2524 2102 2518 2131 2434 | ACC: -10280 6112 7564 | GYRO: 1964 865 652 | GDP=2242.906
FLEX: 2544 2100 2230 2177 2810 | ACC: -12088 7296 7948 | GYRO: 3249 1912 -161 | GDP=3773.283
FLEX: 2481 2099 2262 2128 2357 | ACC: -12656 7708 7096 | GYRO: 1374 448 -667 | GDP=1591.688
FLEX: 2533 2096 2298 2182 2803 | ACC: -12720 7808 6236 | GYRO: 246 373 -206 | GDP=492.017
FLEX: 2514 2105 2242 2198 2339 | ACC: -13336 7188 7972 | GYRO: -188 -156 533 | GDP=586.318
FLEX: 2518 2159 2257 2210 2793 | ACC: -12760 7316 7604 | GYRO: 875 -1077 147 | GDP=1395.408
FLEX: 2544 2186 2267 2161 2340 | ACC: -12188 7144 7440 | GYRO: 16 -134 315 | GDP=342.691
FLEX: 2530 2220 2218 2192 2815 | ACC: -11684 6732 8100 | GYRO: -246 -847 -306 | GDP=933.574
FLEX: 2508 2266 2303 2249 2362 | ACC: -12016 7160 7748 | GYRO: -234 80 -323 | GDP=406.798
FLEX: 2498 2329 2278 2286 2810 | ACC: -12616 7156 7788 | GYRO: -1078 -604 -867 | GDP=1509.500
FLEX: 2519 2332 2270 2266 2373 | ACC: -12584 6840 7488 | GYRO: -1730 246 -79 | GDP=1749.188
FLEX: 2510 2381 2291 2320 2707 | ACC: -12972 6388 8672 | GYRO: -529 -122 -256 | GDP=600.217
FLEX: 2523 2372 2313 2365 2395 | ACC: -12400 6548 8120 | GYRO: -90 -857 -39 | GDP=862.595
FLEX: 2509 2336 2326 2393 2673 | ACC: -12500 6676 8724 | GYRO: 470 -137 85 | GDP=496.884
FLEX: 2506 2427 2306 2313 2346 | ACC: -12640 6060 8476 | GYRO: 844 324 514 | GDP=1039.956
FLEX: 2546 2451 2336 2390 2686 | ACC: -12184 7068 7768 | GYRO: 1488 409 168 | GDP=1552.304
FLEX: 2464 2368 2367 2422 2352 | ACC: -12416 6760 7756 | GYRO: 126 -224 63 | GDP=264.615
FLEX: 2527 2369 2368 2434 2737 | ACC: -12232 6872 8428 | GYRO: 501 -243 -120 | GDP=569.605
FLEX: 2549 2416 2359 2346 2333 | ACC: -12652 6356 7788 | GYRO: 422 1207 117 | GDP=1283.987
FLEX: 2544 2473 2320 2354 2720 | ACC: -12180 6836 7692 | GYRO: 953 -34 40 | GDP=954.445
FLEX: 2519 2484 2337 2355 2391 | ACC: -12580 6404 8392 | GYRO: 1047 1669 215 | GDP=1981.917
FLEX: 2559 2368 2350 2379 2719 | ACC: -12564 7068 7596 | GYRO: 1517 1742 441 | GDP=2351.666
FLEX: 2512 2368 2347 2382 2461 | ACC: -13632 7180 6936 | GYRO: 696 1356 574 | GDP=1628.689
FLEX: 2597 2343 2291 2434 2753 | ACC: -13024 6860 6584 | GYRO: -260 1829 1292 | GDP=2254.353
FLEX: 2553 2367 2314 2353 2480 | ACC: -12392 7036 6660 | GYRO: -520 3251 1553 | GDP=3640.221
FLEX: 2603 2279 2337 2309 2783 | ACC: -13012 7788 6276 | GYRO: -1767 3292 1461 | GDP=4011.742
FLEX: 2607 2172 2279 2205 2486 | ACC: -13440 6964 7044 | GYRO: -1503 -565 882 | GDP=1831.982
FLEX: 2599 2167 2276 2185 2768 | ACC: -12144 7072 6152 | GYRO: -2079 -835 488 | GDP=2292.948
FLEX: 2559 2150 2255 2144 2490 | ACC: -12232 6596 8588 | GYRO: -429 -3529 82 | GDP=3555.926
FLEX: 2608 2110 2256 2163 2800 | ACC: -12528 7488 7584 | GYRO: -1580 -1070 79 | GDP=1909.854
FLEX: 2624 2114 2235 2117 2530 | ACC: -11896 6984 7848 | GYRO: -1059 -4573 419 | GDP=4712.682
FLEX: 2588 2097 2214 2160 2787 | ACC: -12024 6280 9584 | GYRO: -1412 -1834 257 | GDP=2328.809
FLEX: 2596 2130 2231 2129 2541 | ACC: -11736 7160 8944 | GYRO: 459 -5988 -351 | GDP=6015.814
FLEX: 2600 2088 2223 2118 2795 | ACC: -11760 5948 10124 | GYRO: -166 -4538 -220 | GDP=4546.361
FLEX: 2588 2117 2221 2109 2545 | ACC: -9140 6652 8444 | GYRO: -1554 -1822 601 | GDP=2468.968
FLEX: 2598 2096 2192 2110 2747 | ACC: -12500 5796 11488 | GYRO: 157 7488 2575 | GDP=7919.938
FLEX: 2618 2117 2199 2097 2624 | ACC: -11700 7152 8196 | GYRO: 481 14757 4418 | GDP=15411.656
FLEX: 2637 2112 2214 2128 2745 | ACC: -11508 7056 7736 | GYRO: 1645 11323 4171 | GDP=12178.407
FLEX: 2619 2069 2198 2114 2591 | ACC: -12020 7556 6940 | GYRO: 1181 12747 3933 | GDP=13392.135
FLEX: 2624 2073 2197 2120 2763 | ACC: -13244 7272 6888 | GYRO: 1359 11354 2717 | GDP=11753.395
FLEX: 2624 2111 2192 2109 2583 | ACC: -13236 7792 5396 | GYRO: 2183 4743 1266 | GDP=5372.550
FLEX: 2608 2096 2178 2120 2752 | ACC: -12684 8432 3664 | GYRO: 1923 2206 315 | GDP=2943.398
FLEX: 2598 2141 2192 2128 2594 | ACC: -14232 8428 4340 | GYRO: 1535 2613 333 | GDP=3048.751
FLEX: 2586 2114 2194 2119 2720 | ACC: -13204 8460 3128 | GYRO: -20 -1127 -250 | GDP=1154.569
FLEX: 2607 2112 2223 2112 2585 | ACC: -14060 8132 4668 | GYRO: 309 844 125 | GDP=907.437
FLEX: 2606 2119 2190 2129 2695 | ACC: -12724 8480 3572 | GYRO: -394 -2877 -476 | GDP=2942.608
FLEX: 2597 2109 2186 2123 2613 | ACC: -13052 8092 4592 | GYRO: -287 -1064 -850 | GDP=1391.749
FLEX: 2619 2102 2186 2137 2704 | ACC: -12988 7808 4740 | GYRO: -98 -1414 -924 | GDP=1691.974
FLEX: 2608 2128 2222 2117 2626 | ACC: -12836 7728 4844 | GYRO: 627 -1088 -848 | GDP=1515.248
FLEX: 2608 2100 2218 2112 2695 | ACC: -13804 7720 5396 | GYRO: 575 -2831 -1399 | GDP=3209.733
FLEX: 2621 2108 2190 2083 2630 | ACC: -13256 8008 4644 | GYRO: 501 -4009 -1725 | GDP=4393.029
FLEX: 2616 2096 2192 2125 2679 | ACC: -13696 7632 5560 | GYRO: -99 -6373 -1911 | GDP=6654.085
FLEX: 2597 2134 2188 2144 2619 | ACC: -13052 7392 5708 | GYRO: -1459 -6981 -1682 | GDP=7327.494
FLEX: 2608 2097 2166 2119 2662 | ACC: -12660 6484 6440 | GYRO: -2296 -12613 -3057 | GDP=13179.706
FLEX: 2595 2109 2190 2138 2627 | ACC: -14572 6832 10436 | GYRO: -810 -12637 -1902 | GDP=12804.979
FLEX: 2625 2096 2203 2114 2635 | ACC: -8712 7232 6976 | GYRO: -2682 -15281 -1775 | GDP=15615.784
FLEX: 2616 2115 2208 2128 2645 | ACC: -11988 5612 13552 | GYRO: -1773 -5121 -81 | GDP=5419.846
FLEX: 2610 2128 2189 2128 2637 | ACC: -7120 5940 8116 | GYRO: -3723 -2634 -310 | GDP=4571.081
FLEX: 2608 2127 2195 2142 2621 | ACC: -10952 4672 13276 | GYRO: -2463 -1645 -230 | GDP=2970.740
FLEX: 2597 2071 2182 2095 2594 | ACC: -8248 5548 10660 | GYRO: -2251 -3611 -715 | GDP=4314.806
FLEX: 2596 2081 2203 2077 2609 | ACC: -9828 4524 13512 | GYRO: -535 -3438 -1198 | GDP=3679.847
FLEX: 2608 2081 2170 2018 2609 | ACC: -9080 4484 12372 | GYRO: -229 -1666 -1114 | GDP=2017.175
FLEX: 2601 2089 2179 1991 2687 | ACC: -9804 4592 13088 | GYRO: 544 -1518 -949 | GDP=1871.059
FLEX: 2549 2081 2164 1947 2610 | ACC: -9180 5040 12076 | GYRO: 624 -1402 -772 | GDP=1717.837
FLEX: 2559 2080 2160 1949 2691 | ACC: -9828 4436 13192 | GYRO: -329 -1987 -688 | GDP=2128.322
FLEX: 2533 2045 2165 1906 2603 | ACC: -9012 4932 12364 | GYRO: 195 -225 -372 | GDP=476.481
FLEX: 2527 2038 2160 1936 2687 | ACC: -9160 4452 12804 | GYRO: -693 -1187 -476 | GDP=1454.577
FLEX: 2544 2043 2175 1905 2591 | ACC: -9400 4276 14328 | GYRO: 1217 -567 -277 | GDP=1370.878
FLEX: 2551 2030 2169 1910 2704 | ACC: -8536 4228 12848 | GYRO: 1223 -457 -453 | GDP=1381.950
FLEX: 2543 2034 2122 1902 2585 | ACC: -8568 4764 13532 | GYRO: 4093 -401 -629 | GDP=4160.420
FLEX: 2543 2029 2143 1921 2711 | ACC: -9316 4636 12872 | GYRO: 2067 -75 -421 | GDP=2110.771
FLEX: 2515 1991 2130 1899 2559 | ACC: -9168 4864 12796 | GYRO: 1352 -515 -1000 | GDP=1758.729
FLEX: 2597 2021 2153 1935 2736 | ACC: -9044 4772 12588 | GYRO: 300 433 -336 | GDP=624.808
FLEX: 2527 2006 2142 1911 2559 | ACC: -8612 4656 13480 | GYRO: 1630 174 -721 | GDP=1790.815
FLEX: 2538 1997 2144 1947 2722 | ACC: -8352 3948 14548 | GYRO: 2195 -533 -1254 | GDP=2583.531
FLEX: 2527 1988 2128 1924 2559 | ACC: -8216 3764 14968 | GYRO: 5726 926 -1870 | GDP=6094.379
FLEX: 2544 1998 2143 1988 2729 | ACC: -7548 4252 14464 | GYRO: 9503 560 -3648 | GDP=10194.533
FLEX: 2521 1999 2128 1915 2535 | ACC: -8116 4384 12944 | GYRO: 9249 1414 -5514 | GDP=10860.368
FLEX: 2547 2006 2136 1944 2735 | ACC: -9548 4932 11168 | GYRO: 7864 69 -6242 | GDP=10040.409
FLEX: 2513 2000 2158 1930 2544 | ACC: -9820 6848 9716 | GYRO: 9756 -754 -6975 | GDP=12016.600
FLEX: 2512 2031 2160 1946 2729 | ACC: -10024 6896 7672 | GYRO: 5457 1087 -3593 | GDP=6623.448
FLEX: 2528 1986 2133 1946 2512 | ACC: -11552 6312 9580 | GYRO: 4743 2280 -2587 | GDP=5864.044
FLEX: 2535 2007 2155 1954 2752 | ACC: -12476 6780 8312 | GYRO: 2831 7259 -155 | GDP=7793.052
FLEX: 2519 2016 2148 1910 2480 | ACC: -13900 7568 9348 | GYRO: 1238 5966 344 | GDP=6102.797
FLEX: 2550 1995 2145 1979 2742 | ACC: -13016 6756 7176 | GYRO: 692 6881 2842 | GDP=7476.897
FLEX: 2515 2003 2143 1953 2512 | ACC: -13060 6872 8824 | GYRO: 2752 4423 1789 | GDP=5507.899
FLEX: 2523 2040 2149 1979 2736 | ACC: -12284 7120 8288 | GYRO: 2484 5538 2085 | GDP=6417.704
FLEX: 2503 2021 2156 1963 2487 | ACC: -11112 8000 6200 | GYRO: 2788 3391 788 | GDP=4460.131
FLEX: 2545 2035 2185 1955 2845 | ACC: -12792 6916 8232 | GYRO: -1055 1762 326 | GDP=2079.410
FLEX: 2539 2047 2174 1980 2490 | ACC: -10412 7936 5236 | GYRO: -1085 1183 -664 | GDP=1737.127
FLEX: 2550 2132 2189 2019 2703 | ACC: -12660 6648 7048 | GYRO: -4306 2460 -1603 | GDP=5211.798
FLEX: 2512 2126 2183 1975 2444 | ACC: -13096 6832 7140 | GYRO: -5251 -1190 -2864 | GDP=6098.491
FLEX: 2547 2171 2192 1983 2732 | ACC: -13608 6584 7076 | GYRO: -2829 -135 -1612 | GDP=3258.836
FLEX: 2496 2149 2169 1959 2461 | ACC: -13364 6104 7796 | GYRO: -1579 404 -27 | GDP=1630.088
FLEX: 2546 2128 2180 2045 2742 | ACC: -13356 5620 8016 | GYRO: -917 1644 900 | GDP=2086.534
FLEX: 2519 2141 2173 1949 2453 | ACC: -13240 5844 7804 | GYRO: -1345 999 1014 | GDP=1958.372
FLEX: 2545 2139 2178 1971 2739 | ACC: -12868 6224 7832 | GYRO: 611 792 542 | GDP=1137.695
FLEX: 2508 2141 2160 1979 2442 | ACC: -12872 5904 7588 | GYRO: -223 -148 218 | GDP=345.191
FLEX: 2546 2158 2180 1973 2726 | ACC: -13692 5776 8668 | GYRO: 191 -1387 -321 | GDP=1436.416
FLEX: 2511 2146 2167 1946 2403 | ACC: -12664 6072 7900 | GYRO: 1774 997 360 | GDP=2066.563
FLEX: 2538 2170 2177 1981 2742 | ACC: -13412 5356 10092 | GYRO: 5561 104 1970 | GDP=5900.545
FLEX: 2512 2141 2170 1929 2430 | ACC: -14380 5020 9520 | GYRO: 7976 6829 4847 | GDP=11564.827
FLEX: 2559 2172 2174 1975 2798 | ACC: -14272 5784 6296 | GYRO: 15662 4466 5409 | GDP=17161.021
FLEX: 2555 2171 2159 1947 2445 | ACC: -14928 6192 6228 | GYRO: 16121 3204 5372 | GDP=17291.924
FLEX: 2559 2160 2143 1957 2781 | ACC: -13776 9508 3892 | GYRO: 13872 -3424 3472 | GDP=14704.113
FLEX: 2559 2141 2141 1933 2449 | ACC: -12088 9572 4252 | GYRO: 8767 -6686 1958 | GDP=11198.064
FLEX: 2559 0 2171 1963 2766 | ACC: -10032 8704 4308 | GYRO: 7100 -5582 812 | GDP=9067.969
FLEX: 2545 0 2146 1908 2436 | ACC: -10224 9856 3032 | GYRO: 6207 -5905 -2120 | GDP=8825.547
FLEX: 2559 0 2177 1936 2735 | ACC: -10908 10720 2140 | GYRO: 5609 -9497 -3043 | GDP=11441.754
FLEX: 2545 0 2149 1910 2444 | ACC: -10720 10168 2556 | GYRO: 3605 -6460 -4502 | GDP=8660.002
FLEX: 2559 0 2160 1942 2803 | ACC: -11736 10608 2916 | GYRO: 6150 -8180 -4258 | GDP=11084.469
FLEX: 2546 0 2142 1911 2443 | ACC: -13912 9360 3264 | GYRO: 6672 -2985 -2963 | GDP=7887.026
FLEX: 2549 0 2160 1949 2811 | ACC: -14296 12492 1156 | GYRO: 3528 -4257 -716 | GDP=5575.078
FLEX: 2515 0 2146 1902 2417 | ACC: -13132 11112 3636 | GYRO: 4754 -2124 452 | GDP=5226.490
FLEX: 2559 0 2167 1957 2799 | ACC: -14132 11332 4984 | GYRO: 1008 -820 1235 | GDP=1792.677
FLEX: 2510 0 2137 1897 2414 | ACC: -12196 12080 3556 | GYRO: 1815 -3616 1438 | GDP=4293.894
FLEX: 2538 0 2160 1920 2803 | ACC: -13516 10672 7080 | GYRO: 4075 -8057 -278 | GDP=9033.170
FLEX: 2516 0 2143 1895 2427 | ACC: -16772 9572 10648 | GYRO: 11269 -22682 -4012 | GDP=25642.926
FLEX: 2535 0 2181 1904 2747 | ACC: -14528 9784 6692 | GYRO: 15917 -32768 -2421 | GDP=36509.641
FLEX: 2519 0 2135 1876 2394 | ACC: -13392 12864 4560 | GYRO: 9900 -32768 6640 | GDP=34868.918
FLEX: 2538 0 2112 1904 2847 | ACC: 844 12324 -3544 | GYRO: 507 -32768 9691 | GDP=34174.762
FLEX: 2417 0 2167 1895 2482 | ACC: -2832 12360 8700 | GYRO: 729 -32768 5525 | GDP=33238.516
FLEX: 2522 0 2160 1962 2807 | ACC: 4680 11600 6568 | GYRO: -5018 -26563 4345 | GDP=27379.779
FLEX: 2483 0 2147 1902 2474 | ACC: 6292 13772 6728 | GYRO: -3968 -13826 3981 | GDP=14924.867
FLEX: 2509 0 2251 1903 2831 | ACC: 8920 9644 9940 | GYRO: -5407 -13126 960 | GDP=14228.462
FLEX: 2487 0 2157 1907 2515 | ACC: 6224 9152 12808 | GYRO: -2259 -5721 1550 | GDP=6343.140
FLEX: 2522 0 2178 1937 2870 | ACC: 7496 9356 11268 | GYRO: -2170 -2858 1243 | GDP=3797.646
FLEX: 2506 0 2133 1877 2498 | ACC: 6116 9364 13628 | GYRO: -416 -2329 1078 | GDP=2599.881
FLEX: 2508 0 2137 1936 2880 | ACC: 7612 9796 12236 | GYRO: 2917 -339 654 | GDP=3008.575
FLEX: 2524 0 2128 1927 2508 | ACC: 7572 11128 11276 | GYRO: 2638 -386 177 | GDP=2671.960
FLEX: 2524 0 2131 1939 2815 | ACC: 7896 11920 10508 | GYRO: 4702 -716 -1218 | GDP=4909.683
FLEX: 2502 0 2157 1901 2464 | ACC: 7300 11296 10504 | GYRO: 2892 -854 -746 | GDP=3106.364
FLEX: 2526 0 2146 1933 2759 | ACC: 6960 12700 7924 | GYRO: 3312 -1245 -1102 | GDP=3705.911
FLEX: 2516 0 2175 1872 2453 | ACC: 8484 11276 7160 | GYRO: 3534 138 -2657 | GDP=4423.556
FLEX: 2509 0 2185 1925 2801 | ACC: 5376 12568 7512 | GYRO: 4021 -1175 -4885 | GDP=6435.238
FLEX: 2512 0 2158 1902 2505 | ACC: 7660 10852 6940 | GYRO: -2725 -3437 -2145 | GDP=4882.583
FLEX: 2507 0 2133 1921 2773 | ACC: 7092 10612 11428 | GYRO: -2803 -6076 -493 | GDP=6709.518
FLEX: 2475 0 2146 1877 2527 | ACC: 7612 9492 11732 | GYRO: 256 -2263 -1773 | GDP=2886.214
FLEX: 2522 0 2129 1931 2752 | ACC: 6380 11160 9368 | GYRO: -3608 1222 262 | GDP=3818.323
FLEX: 2491 0 2161 1920 2535 | ACC: 4920 9584 12808 | GYRO: 1648 545 745 | GDP=1888.903
FLEX: 2511 0 2130 1917 2739 | ACC: 5436 10484 10764 | GYRO: 1293 865 3404 | GDP=3742.631
FLEX: 2474 0 2137 1911 2517 | ACC: 6764 11804 9500 | GYRO: 4141 770 2370 | GDP=4832.979
FLEX: 2512 0 2162 1921 2761 | ACC: 6936 11464 10260 | GYRO: 2187 673 3928 | GDP=4545.886
FLEX: 2489 0 2155 1858 2546 | ACC: 7188 11836 9804 | GYRO: 3187 494 3581 | GDP=4819.188
FLEX: 2502 0 2149 1950 2718 | ACC: 6360 11108 10576 | GYRO: 2896 1472 3541 | GDP=4805.443
FLEX: 2496 0 2158 1937 2559 | ACC: 7076 10684 10192 | GYRO: 4049 599 4901 | GDP=6385.374
FLEX: 2518 0 2128 1907 2734 | ACC: 6620 10256 10908 | GYRO: 5334 679 5873 | GDP=7962.708
FLEX: 2496 0 2145 1915 2531 | ACC: 9272 10200 10564 | GYRO: 7963 1829 10272 | GDP=13125.113
FLEX: 2506 0 2121 1945 2727 | ACC: 11364 8304 10208 | GYRO: 13462 -2582 9826 | GDP=16865.422
FLEX: 2496 0 2166 1921 2555 | ACC: 15888 9576 3520 | GYRO: 11326 1645 6742 | GDP=13283.029
FLEX: 2511 0 2154 1931 2699 | ACC: 15320 11028 1740 | GYRO: 7106 4832 1066 | GDP=8659.088
FLEX: 2487 0 2147 1916 2559 | ACC: 12292 11156 3168 | GYRO: 1882 4415 -764 | GDP=4859.819
FLEX: 2503 0 2146 1920 2672 | ACC: 10360 10824 6096 | GYRO: 1999 3145 660 | GDP=3784.525
FLEX: 2498 0 2160 1927 2587 | ACC: 10680 9576 7312 | GYRO: 2013 3626 785 | GDP=4220.932
FLEX: 2497 0 2159 1921 2701 | ACC: 8688 10028 9468 | GYRO: 3985 7366 351 | GDP=8382.206
FLEX: 2507 0 2144 1916 2590 | ACC: 7992 10580 9560 | GYRO: 4723 5400 2026 | GDP=7454.623
FLEX: 2483 0 2141 1936 2646 | ACC: 7912 11316 9412 | GYRO: 5777 4215 5157 | GDP=8816.723
FLEX: 2498 0 2161 1920 2533 | ACC: 11228 9076 8552 | GYRO: 6533 2629 8006 | GDP=10662.446
FLEX: 2503 0 2139 1958 2624 | ACC: 9124 11944 7532 | GYRO: 10856 5654 6517 | GDP=13866.930
FLEX: 2511 0 2155 1941 2585 | ACC: 12892 9880 5004 | GYRO: 12471 1651 8921 | GDP=15421.929
FLEX: 2513 0 2150 1952 2619 | ACC: 17008 12096 -336 | GYRO: 7860 7382 5122 | GDP=11937.688
FLEX: 2510 0 2148 1943 2591 | ACC: 18364 11044 -776 | GYRO: 5993 12675 -6271 | GDP=15358.942
FLEX: 2495 0 2143 1942 2609 | ACC: 11100 11640 1188 | GYRO: -427 21761 -8216 | GDP=23264.268
FLEX: 2513 0 2171 1954 2559 | ACC: 5752 6304 5496 | GYRO: 418 32767 -5257 | GDP=33188.660
FLEX: 2490 0 2131 1930 2627 | ACC: 980 8624 7924 | GYRO: 2116 29589 -2531 | GDP=29772.342
FLEX: 2499 0 2160 1937 2595 | ACC: 404 9652 5648 | GYRO: -2773 32767 3440 | GDP=33063.566
FLEX: 2513 0 2157 1932 2595 | ACC: -528 12268 10052 | GYRO: -4963 20929 349 | GDP=21512.234
FLEX: 2522 0 2166 1952 2559 | ACC: 2912 12392 8148 | GYRO: -15168 5465 4329 | GDP=16693.553
FLEX: 2497 2000 2160 1950 2559 | ACC: 2328 10880 8828 | GYRO: -28840 15162 8653 | GDP=33712.109
FLEX: 2494 2001 2167 1962 2559 | ACC: -856 2996 21640 | GYRO: -22993 -10994 3223 | GDP=25689.178
FLEX: 2502 1985 2155 1954 2559 | ACC: 2320 496 20356 | GYRO: -18358 -15650 1438 | GDP=24166.227
FLEX: 2518 2031 2192 1946 2591 | ACC: 4136 1724 26264 | GYRO: -4155 -29435 -1858 | GDP=29784.818
FLEX: 2507 2031 2150 1955 2544 | ACC: 13124 1652 18216 | GYRO: 2870 -518 1638 | GDP=3344.887
FLEX: 2494 1990 2169 1953 2559 | ACC: 4416 1092 20880 | GYRO: 14001 7794 -3692 | GDP=16444.006
FLEX: 2488 2015 2156 1987 2557 | ACC: 5528 4336 13084 | GYRO: 14572 -7413 -4006 | GDP=16832.818
FLEX: 2509 2014 2168 2000 2608 | ACC: 3016 4940 16452 | GYRO: 17551 -514 -5908 | GDP=18525.828
FLEX: 2480 1993 2155 2007 2559 | ACC: 4748 8680 11204 | GYRO: 15175 -20881 -2690 | GDP=25952.512
FLEX: 2531 2011 2146 2016 2613 | ACC: 4860 10996 11252 | GYRO: 14015 -13020 -3416 | GDP=19432.182
FLEX: 2513 1997 2146 1994 2559 | ACC: 9332 8980 5740 | GYRO: 7979 -10693 1119 | GDP=13388.684
FLEX: 2526 2032 2176 2018 2634 | ACC: 7548 12940 6796 | GYRO: 936 -2413 -800 | GDP=2708.997
FLEX: 2494 1994 2161 2015 2525 | ACC: 10120 10544 5892 | GYRO: -8772 -2707 -22 | GDP=9180.214
FLEX: 2528 2018 2163 2017 2647 | ACC: 8940 10884 8792 | GYRO: -10772 -661 2034 | GDP=10982.262
FLEX: 2512 1991 2160 1987 2538 | ACC: 11772 6388 10756 | GYRO: -5067 4743 2175 | GDP=7273.318
FLEX: 2517 2018 2162 2011 2637 | ACC: 8716 9056 14420 | GYRO: -814 -1884 1562 | GDP=2579.127
FLEX: 2475 1993 2146 2000 2517 | ACC: 9224 7596 11920 | GYRO: 1233 3986 -1706 | GDP=4507.651
FLEX: 2493 2027 2195 2005 2641 | ACC: 7324 8728 12548 | GYRO: 1546 1002 455 | GDP=1897.668
FLEX: 2510 2031 2215 1983 2529 | ACC: 7676 8320 11172 | GYRO: 2230 5545 334 | GDP=5985.940
FLEX: 2518 2032 2231 2069 2690 | ACC: 7940 8704 12656 | GYRO: 6098 3246 1229 | GDP=7016.592
FLEX: 2519 2026 2237 2065 2526 | ACC: 9724 7744 12468 | GYRO: 11130 6376 -82 | GDP=12827.197
FLEX: 2559 2085 2238 2179 2666 | ACC: 5824 11620 12448 | GYRO: 8595 5278 804 | GDP=10118.188
FLEX: 2526 2090 2211 2175 2480 | ACC: 7696 9872 9644 | GYRO: 7238 5988 1290 | GDP=9482.029
FLEX: 2559 2130 2229 2279 2624 | ACC: 6152 11596 9316 | GYRO: 4361 1841 876 | GDP=4814.040
FLEX: 2519 2125 2255 2259 2443 | ACC: 8284 11524 7884 | GYRO: 2004 2900 737 | GDP=3601.275
FLEX: 2543 2161 2259 2245 2621 | ACC: 6912 12432 6912 | GYRO: -4123 13216 515 | GDP=13853.772
FLEX: 2544 2143 2218 2240 2463 | ACC: 2936 11092 11464 | GYRO: -11582 11998 7857 | GDP=18434.402
FLEX: 2548 2145 2249 2268 2658 | ACC: 4332 3108 13532 | GYRO: -9683 14072 7991 | GDP=18858.361
FLEX: 2531 2177 2240 2267 2480 | ACC: 4984 8552 15592 | GYRO: -6440 16655 666 | GDP=17869.141
FLEX: 2555 2183 2289 2287 2640 | ACC: 1760 6132 17064 | GYRO: -6728 12083 875 | GDP=13857.508
FLEX: 2531 2210 2266 2246 2427 | ACC: 2448 5636 15624 | GYRO: -131 13697 -1142 | GDP=13745.149
FLEX: 2545 2245 2287 2307 2653 | ACC: 592 6024 14884 | GYRO: 2678 24402 -2887 | GDP=24717.687
FLEX: 2544 2235 2288 2261 2443 | ACC: -3328 7468 13704 | GYRO: 3503 27222 -2841 | GDP=27593.109
FLEX: 2550 2256 2288 2352 2635 | ACC: -6340 7584 12096 | GYRO: 4484 32141 -2163 | GDP=32524.279
FLEX: 2518 2224 2306 2308 2433 | ACC: -10416 7744 12176 | GYRO: 5004 27653 -1558 | GDP=28145.262
FLEX: 2550 2250 2292 2365 2640 | ACC: -10016 7576 9396 | GYRO: 3859 19836 -661 | GDP=20218.697
FLEX: 2519 2224 2276 2303 2417 | ACC: -12416 7912 8840 | GYRO: 3936 21797 -235 | GDP=22150.768
FLEX: 2559 2227 2299 2337 2635 | ACC: -11676 7936 5076 | GYRO: 3577 19645 -625 | GDP=19977.777
FLEX: 2536 2188 2268 2326 2432 | ACC: -13192 8280 1852 | GYRO: 638 27920 -1325 | GDP=27958.703
FLEX: 2559 2194 2282 2350 2619 | ACC: -16180 8160 3568 | GYRO: 2376 19468 1637 | GDP=19680.654
FLEX: 2531 2176 2267 2316 2440 | ACC: -14652 7840 40 | GYRO: 3038 18494 2835 | GDP=18955.070
FLEX: 2596 2169 2271 2352 2667 | ACC: -13860 8160 -520 | GYRO: 3108 6828 1207 | GDP=7598.559
FLEX: 2559 2141 2240 2237 2439 | ACC: -15544 8628 -1028 | GYRO: -719 -1247 176 | GDP=1450.154
FLEX: 2606 2149 2219 2236 2704 | ACC: -12180 8688 -3024 | GYRO: -1875 -2747 -813 | GDP=3423.829
FLEX: 2591 2149 2218 2183 2437 | ACC: -14068 8256 -756 | GYRO: 901 -2610 -403 | GDP=2790.396
FLEX: 2629 2155 2214 2193 2679 | ACC: -14552 8740 -1212 | GYRO: -543 -1874 374 | GDP=1986.605
FLEX: 2603 2128 2213 2186 2415 | ACC: -13532 8344 -1020 | GYRO: 960 -3143 524 | GDP=3327.856
FLEX: 2609 2156 2224 2224 2700 | ACC: -14444 8328 456 | GYRO: -217 -1342 188 | GDP=1372.369
FLEX: 2599 2145 2215 2185 2429 | ACC: -12512 8376 -336 | GYRO: 690 -2106 338 | GDP=2241.781
FLEX: 2625 2160 2214 2205 2705 | ACC: -14620 8796 456 | GYRO: -2812 -1773 -722 | GDP=3401.787
FLEX: 2603 2127 2199 2157 2452 | ACC: -12508 7952 892 | GYRO: 408 -3093 -105 | GDP=3121.560
FLEX: 2638 2141 2181 2158 2688 | ACC: -14336 8292 1540 | GYRO: 1293 -2776 -489 | GDP=3101.152
FLEX: 2609 2129 2182 2147 2444 | ACC: -12352 8204 376 | GYRO: 2683 -5451 -1368 | GDP=6227.625
FLEX: 2634 2139 2219 2128 2699 | ACC: -14492 8576 1580 | GYRO: 1839 -477 -836 | GDP=2075.656
FLEX: 2603 2107 2160 2161 2391 | ACC: -13264 8268 864 | GYRO: 1648 -1691 -538 | GDP=2421.741
FLEX: 2602 2112 2238 2140 2734 | ACC: -14900 8416 1316 | GYRO: -857 -1017 -386 | GDP=1384.823
FLEX: 2614 2101 2192 2047 2477 | ACC: -13144 8132 816 | GYRO: 308 -2626 -53 | GDP=2644.532
FLEX: 2635 2067 2172 2110 2737 | ACC: -14976 8372 2800 | GYRO: 1289 -280 246 | GDP=1341.804
FLEX: 2544 2074 2199 2091 2384 | ACC: -14212 7512 3652 | GYRO: 4141 -8094 -581 | GDP=9110.339
FLEX: 2608 2117 2179 2066 2698 | ACC: -18876 6956 8648 | GYRO: 6324 -17655 -3084 | GDP=19005.344
FLEX: 2586 2036 2160 2102 2398 | ACC: -10460 8220 600 | GYRO: 6663 -32768 -2202 | GDP=33510.984
FLEX: 2627 2064 2150 2060 2645 | ACC: -10380 7772 7960 | GYRO: 7017 -23232 -2575 | GDP=24404.811
FLEX: 2608 2047 2131 2032 2402 | ACC: -9332 7908 7692 | GYRO: 6197 -7162 -2318 | GDP=9750.394
FLEX: 2582 2096 2188 2100 2704 | ACC: -17300 8308 13416 | GYRO: 5810 -24119 192 | GDP=24809.658
FLEX: 2528 2090 2192 2027 2475 | ACC: -10916 8688 7224 | GYRO: 4428 -32768 2990 | GDP=33200.738
FLEX: 2559 2066 2211 2077 2688 | ACC: -9456 9456 8432 | GYRO: 1692 -32768 4006 | GDP=33055.297
FLEX: 2538 2071 2144 2032 2451 | ACC: 4628 9700 3876 | GYRO: -6870 -32768 2668 | GDP=33586.559
FLEX: 2538 2021 2192 2045 2617 | ACC: 1612 8360 15608 | GYRO: -2961 -13236 -3583 | GDP=14028.439
FLEX: 2538 2084 2134 2079 2480 | ACC: 3180 8300 13804 | GYRO: -1611 -14247 920 | GDP=14367.280
FLEX: 2591 2033 2180 2061 2642 | ACC: 5316 8524 14252 | GYRO: -551 -5301 984 | GDP=5419.636
FLEX: 2546 1986 2176 2032 2495 | ACC: 6524 7368 14648 | GYRO: 422 -5964 2530 | GDP=6492.171
FLEX: 2535 2022 2150 2007 2624 | ACC: 6292 7680 13860 | GYRO: 2509 -239 1045 | GDP=2728.411
FLEX: 2559 2032 2166 2013 2487 | ACC: 5944 8008 12808 | GYRO: 1758 -2394 270 | GDP=2982.398
FLEX: 2551 2000 2171 1984 2667 | ACC: 5924 8824 12496 | GYRO: 2170 240 657 | GDP=2279.945
FLEX: 2522 2017 2146 1931 2523 | ACC: 6304 8232 12844 | GYRO: 1296 -58 1018 | GDP=1649.031
FLEX: 2538 2015 2187 1948 2688 | ACC: 5664 8252 14104 | GYRO: 1717 684 502 | GDP=1915.189
FLEX: 2527 2031 2155 1939 2525 | ACC: 6340 8384 12872 | GYRO: 374 -602 288 | GDP=764.999
FLEX: 2539 1996 2139 1943 2659 | ACC: 5952 8328 14076 | GYRO: 1672 892 304 | GDP=1919.287
FLEX: 2544 2021 2146 1937 2544 | ACC: 6124 8320 12704 | GYRO: 539 578 328 | GDP=855.680
FLEX: 2542 2022 2137 1933 2615 | ACC: 5508 8604 13440 | GYRO: 944 1266 -187 | GDP=1590.239
FLEX: 2537 2004 2171 1955 2501 | ACC: 6284 8072 13252 | GYRO: 929 1619 439 | GDP=1917.530
FLEX: 2545 2007 2150 1947 2640 | ACC: 6628 8492 12400 | GYRO: 1326 4837 -232 | GDP=5020.823
FLEX: 2539 2028 2153 1975 2495 | ACC: 5876 8116 12712 | GYRO: 1851 10779 -1376 | GDP=11022.995
FLEX: 2529 2000 2166 1951 2587 | ACC: 3732 8488 14380 | GYRO: 3699 12223 -2829 | GDP=13080.045
FLEX: 2544 2043 2163 1990 2490 | ACC: 2196 8908 14628 | GYRO: 2674 5709 -2411 | GDP=6749.509
FLEX: 2550 2015 2185 2013 2555 | ACC: 1724 8684 14004 | GYRO: 3834 2453 -2100 | GDP=5012.660
FLEX: 2523 2035 2165 2046 2512 | ACC: 1236 10380 12564 | GYRO: 2784 2535 -1710 | GDP=4135.333
FLEX: 2531 2026 2194 2070 2544 | ACC: 736 9648 13496 | GYRO: 840 702 -371 | GDP=1155.874
FLEX: 2526 2036 2176 2096 2499 | ACC: 1320 10152 13380 | GYRO: 1939 1428 -59 | GDP=2408.814
FLEX: 2537 2030 2193 2064 2509 | ACC: 1268 9708 13448 | GYRO: 1640 146 283 | GDP=1670.630
FLEX: 2544 2046 2176 2059 2486 | ACC: 1304 10336 12864 | GYRO: -164 1687 951 | GDP=1943.519
FLEX: 2521 2032 2159 2047 2499 | ACC: 1044 9868 13792 | GYRO: 1439 1696 1225 | GDP=2539.244
FLEX: 2529 2022 2192 2058 2461 | ACC: 1736 10044 12360 | GYRO: 816 1051 555 | GDP=1441.694
FLEX: 2517 2030 2162 2047 2502 | ACC: 740 9952 13720 | GYRO: 1310 2481 -593 | GDP=2867.596
FLEX: 2559 2044 2176 2032 2467 | ACC: 448 9976 13648 | GYRO: 662 -1016 570 | GDP=1339.925
FLEX: 2549 2011 2190 2032 2549 | ACC: 1212 9996 12752 | GYRO: 696 -1079 324 | GDP=1324.248
FLEX: 2559 2012 2178 2042 2527 | ACC: 1392 10008 13220 | GYRO: 944 441 46 | GDP=1042.944
FLEX: 2558 2011 2178 2014 2544 | ACC: 1172 9972 13360 | GYRO: 478 -178 198 | GDP=547.149
FLEX: 2551 1992 2186 2056 2550 | ACC: 1324 9996 13224 | GYRO: 871 443 -106 | GDP=982.917
FLEX: 2522 2013 2166 2023 2543 | ACC: 1332 9992 12988 | GYRO: 686 315 -478 | GDP=893.479
FLEX: 2554 2033 2191 2031 2559 | ACC: 584 10172 13312 | GYRO: 174 613 -26 | GDP=637.747
FLEX: 2546 2004 2160 2029 2533 | ACC: 1060 9828 13416 | GYRO: 906 -163 248 | GDP=953.367
FLEX: 2539 2027 2179 2063 2541 | ACC: 2552 9864 11760 | GYRO: 989 6743 -742 | GDP=6855.416
FLEX: 2543 2000 2176 2012 2551 | ACC: 596 9880 13340 | GYRO: 1949 13977 -2357 | GDP=14307.711
FLEX: 2559 2028 2182 2028 2550 | ACC: 856 9428 11152 | GYRO: 2185 32324 -5154 | GDP=32805.168
FLEX: 2559 2029 2144 2011 2520 | ACC: -6560 9600 13764 | GYRO: 4787 29420 -6019 | GDP=30408.553
FLEX: 2597 2030 2174 2042 2559 | ACC: -8300 10208 9532 | GYRO: 5386 28958 -4902 | GDP=29859.746
FLEX: 2602 2000 2178 2037 2489 | ACC: -10540 10324 7060 | GYRO: 4548 19740 -3332 | GDP=20529.348
FLEX: 2608 2020 2205 2064 2559 | ACC: -10844 9924 5908 | GYRO: 2370 15038 -1873 | GDP=15338.398
FLEX: 2559 2014 2173 2077 2481 | ACC: -11768 9800 5012 | GYRO: 2357 12190 -2282 | GDP=12623.750
FLEX: 2619 2010 2189 2069 2553 | ACC: -12404 10188 4940 | GYRO: 1945 9751 -2168 | GDP=10176.701
FLEX: 2559 2000 2181 2102 2480 | ACC: -12464 10148 3776 | GYRO: 1050 8446 -689 | GDP=8538.860
FLEX: 2604 2017 2203 2105 2516 | ACC: -13216 9416 3692 | GYRO: -820 10847 -436 | GDP=10886.685
FLEX: 2547 2016 2167 2167 2464 | ACC: -13128 9596 2692 | GYRO: 1502 8197 -54 | GDP=8333.650
FLEX: 2510 2027 2179 2254 2512 | ACC: -13224 9668 2040 | GYRO: 1693 3892 -46 | GDP=4244.529
FLEX: 2454 2000 2171 2238 2487 | ACC: -13404 9532 1936 | GYRO: 2937 2997 -872 | GDP=4285.833
FLEX: 2429 2021 2224 2325 2526 | ACC: -12976 9648 836 | GYRO: 3721 -355 -1345 | GDP=3972.517
FLEX: 2429 2009 2167 2250 2474 | ACC: -13592 9932 1392 | GYRO: 2612 -613 -993 | GDP=2860.832
FLEX: 2492 2031 2214 2274 2590 | ACC: -13840 8920 452 | GYRO: 837 -464 -488 | GDP=1074.248
FLEX: 2503 2000 2163 2227 2429 | ACC: -13204 10188 708 | GYRO: -37 -1363 418 | GDP=1426.135
FLEX: 2479 2023 2192 2267 2950 | ACC: -12392 9288 1012 | GYRO: -715 52 523 | GDP=887.388
FLEX: 2511 2020 2201 2229 2550 | ACC: -13092 9680 1160 | GYRO: -649 437 474 | GDP=914.793
FLEX: 2485 2018 2199 2227 3127 | ACC: -13528 9488 1944 | GYRO: -1492 794 770 | GDP=1857.256
FLEX: 2450 2026 2195 2128 2608 | ACC: -13156 9860 1448 | GYRO: -1702 -392 1150 | GDP=2091.164
FLEX: 2500 2018 2185 2133 3201 | ACC: -12344 9196 2100 | GYRO: -1324 -121 1385 | GDP=1919.855
FLEX: 2403 1998 2170 2054 2624 | ACC: -12784 10024 2024 | GYRO: -2147 493 1182 | GDP=2499.956
FLEX: 2416 2028 2186 1998 3231 | ACC: -11788 9772 2160 | GYRO: -871 -882 849 | GDP=1502.453
FLEX: 2385 2001 2170 1936 2590 | ACC: -12856 9656 2656 | GYRO: -1202 -839 803 | GDP=1671.387
FLEX: 2384 2015 2172 1970 3255 | ACC: -12200 10296 1864 | GYRO: -816 -1826 139 | GDP=2004.857
FLEX: 2370 2007 2147 1922 2531 | ACC: -12404 9620 3136 | GYRO: -2141 -1391 104 | GDP=2555.304
FLEX: 2413 2020 2160 1939 3245 | ACC: -11188 9940 2204 | GYRO: -580 -794 -343 | GDP=1041.386
FLEX: 2368 2010 2146 1905 2525 | ACC: -12884 9796 3928 | GYRO: -1595 -1709 465 | GDP=2383.470
FLEX: 2354 2005 2176 1909 3323 | ACC: -12036 10128 3536 | GYRO: 292 122 106 | GDP=333.742
FLEX: 2384 2014 2163 1911 2499 | ACC: -12148 10140 4064 | GYRO: 145 -204 614 | GDP=663.051
FLEX: 2391 2032 2160 1955 3247 | ACC: -11200 9960 2976 | GYRO: 822 -145 88 | GDP=839.317
FLEX: 2355 2043 2141 1895 2482 | ACC: -12352 9944 3856 | GYRO: 336 82 12 | GDP=346.069
FLEX: 2406 2088 2157 1952 3274 | ACC: -12188 10136 2952 | GYRO: 627 489 -126 | GDP=805.063
FLEX: 2363 2069 2152 1919 2496 | ACC: -12404 9972 3312 | GYRO: -1175 21 -553 | GDP=1298.797
FLEX: 2387 2094 2164 1964 3250 | ACC: -12140 9748 3700 | GYRO: -151 -919 -209 | GDP=954.486
FLEX: 2390 2083 2129 1936 2448 | ACC: -12792 9216 4916 | GYRO: 79 -479 262 | GDP=551.658
FLEX: 2405 2071 2161 1947 3211 | ACC: -11396 9920 3660 | GYRO: 1244 499 -175 | GDP=1351.726
FLEX: 2364 2081 2145 1933 2473 | ACC: -12780 9628 4136 | GYRO: -261 -631 -303 | GDP=747.055
FLEX: 2419 2081 2158 1968 3238 | ACC: -12564 10088 3904 | GYRO: 171 566 -98 | GDP=599.334
FLEX: 2381 2073 2157 1915 2459 | ACC: -12308 9632 4000 | GYRO: 295 -274 67 | GDP=408.154
FLEX: 2399 2089 2172 1956 3231 | ACC: -12212 9840 3964 | GYRO: -287 -92 86 | GDP=313.415
FLEX: 2400 2041 2159 1917 2479 | ACC: -12232 9664 4528 | GYRO: 622 -434 249 | GDP=798.274
FLEX: 2404 2067 2173 1978 3270 | ACC: -11896 9856 4224 | GYRO: 845 726 231 | GDP=1137.744
FLEX: 2415 2064 2139 1966 2467 | ACC: -12196 9836 4244 | GYRO: 1184 533 -86 | GDP=1301.284
FLEX: 2430 2085 2154 1968 3266 | ACC: -12284 9888 3440 | GYRO: 974 555 34 | GDP=1121.542
FLEX: 2393 2062 2167 1945 2468 | ACC: -12720 9816 3828 | GYRO: 1256 656 311 | GDP=1450.722
FLEX: 2408 2067 2179 1904 3227 | ACC: -11904 10028 2996 | GYRO: 809 746 170 | GDP=1113.507
FLEX: 2381 2032 2147 1856 2434 | ACC: -12088 9876 3772 | GYRO: 222 469 -144 | GDP=538.499
FLEX: 2443 2032 2133 1914 3198 | ACC: -12208 10020 3524 | GYRO: -58 315 487 | GDP=582.888
FLEX: 2352 2099 2203 1936 2350 | ACC: -12116 10116 4064 | GYRO: 1506 2782 227 | GDP=3171.607
FLEX: 2381 2057 2154 1907 3216 | ACC: -11664 10036 2796 | GYRO: 661 5476 27 | GDP=5515.816
FLEX: 2365 2006 2174 1898 2447 | ACC: -11576 10056 1464 | GYRO: 1389 5054 188 | GDP=5244.767
FLEX: 2388 2096 2206 1988 3168 | ACC: -11276 10476 -560 | GYRO: 940 13721 -38 | GDP=13753.214
FLEX: 2395 2054 2288 1939 2417 | ACC: -12572 10132 -804 | GYRO: 257 18224 -69 | GDP=18225.943
FLEX: 2435 2069 2134 1920 3194 | ACC: -15064 9660 1336 | GYRO: -571 11056 -144 | GDP=11071.672
FLEX: 2350 2080 2160 1936 2450 | ACC: -12496 9996 -1300 | GYRO: 233 2392 -176 | GDP=2409.757
FLEX: 2420 2064 2157 1938 3136 | ACC: -13440 9692 0 | GYRO: 1190 542 -323 | GDP=1346.920
FLEX: 2384 1968 2190 1919 2559 | ACC: -11492 9604 -2048 | GYRO: 433 -157 -472 | GDP=659.486
FLEX: 2390 2032 2134 1932 3248 | ACC: -13616 9812 -984 | GYRO: 600 -805 -489 | GDP=1116.757
FLEX: 2415 2023 2096 1945 2490 | ACC: -12568 9760 -1472 | GYRO: 629 -689 -30 | GDP=933.414
FLEX: 2368 2031 2160 1942 3117 | ACC: -13596 9980 -488 | GYRO: 354 -1462 -184 | GDP=1515.459
FLEX: 2340 2058 2149 1941 2517 | ACC: -12612 9620 -960 | GYRO: 225 -1497 -283 | GDP=1540.040
FLEX: 2397 2055 2150 1974 3026 | ACC: -13688 9608 208 | GYRO: 1012 -1985 -168 | GDP=2234.411
FLEX: 2389 2060 2139 1949 2535 | ACC: -11636 9892 -1452 | GYRO: 1054 -1397 -135 | GDP=1755.207
FLEX: 2369 2047 2154 1915 3022 | ACC: -14004 9640 680 | GYRO: 1633 -2077 -207 | GDP=2650.182
FLEX: 2383 2039 2177 1954 2596 | ACC: -12048 9308 -1160 | GYRO: 1328 -9574 128 | GDP=9666.512
FLEX: 2370 2003 2145 1921 3026 | ACC: -14772 9524 1972 | GYRO: 2199 -2297 -197 | GDP=3186.004
FLEX: 2403 2035 2159 1940 2559 | ACC: -17136 10656 3504 | GYRO: 1574 -28596 1132 | GDP=28661.648
FLEX: 2402 2015 2181 1951 3024 | ACC: -10160 9312 640 | GYRO: 823 -13707 -464 | GDP=13739.522
FLEX: 2397 2032 2164 1948 2595 | ACC: -10272 10416 1584 | GYRO: 1532 -8083 225 | GDP=8229.978
FLEX: 2401 2021 2176 1955 2944 | ACC: -13324 9776 6088 | GYRO: 2980 4349 -1460 | GDP=5470.448
FLEX: 2399 2021 2176 1986 2589 | ACC: -12664 9800 4304 | GYRO: 398 286 237 | GDP=544.398
FLEX: 2383 2027 2123 1986 2937 | ACC: -12188 9528 3348 | GYRO: 1479 2893 -455 | GDP=3280.841
FLEX: 2394 2046 2184 1935 2628 | ACC: -12884 10184 3808 | GYRO: 1476 -1067 140 | GDP=1826.654
FLEX: 2384 2044 2179 1973 2896 | ACC: -12320 9548 3964 | GYRO: 1660 -399 -92 | GDP=1709.756
FLEX: 2401 2027 2170 1937 2614 | ACC: -12992 9304 5160 | GYRO: 3992 -3024 152 | GDP=5010.364
FLEX: 2396 2015 2171 1964 2860 | ACC: -13228 9312 5120 | GYRO: 6552 -5970 -710 | GDP=8892.339
FLEX: 2421 2054 2167 1967 2640 | ACC: -12060 10144 3892 | GYRO: 8151 -13362 -333 | GDP=15655.438
FLEX: 2438 2035 2168 2001 2730 | ACC: -11092 9764 3560 | GYRO: 6475 -6369 -550 | GDP=9099.026
FLEX: 2448 2036 2195 2072 2537 | ACC: -11884 10700 4212 | GYRO: 4413 -6663 -1047 | GDP=8060.170
FLEX: 2431 2064 2197 2128 2614 | ACC: -10888 10332 3776 | GYRO: 3341 -2113 -1100 | GDP=4103.297
FLEX: 2448 2046 2181 2172 2586 | ACC: -11384 10724 3700 | GYRO: 991 -2189 -930 | GDP=2576.568
FLEX: 2416 2038 2198 2169 2559 | ACC: -12016 10296 4748 | GYRO: 644 -488 -46 | GDP=809.318
FLEX: 2439 2017 2202 2229 2552 | ACC: -11660 10256 5144 | GYRO: 1311 -1391 349 | GDP=1943.040
FLEX: 2444 2017 2189 2218 2559 | ACC: -11348 10360 4816 | GYRO: 1550 -216 -607 | GDP=1678.572
FLEX: 2455 2013 2193 2249 2542 | ACC: -12020 10316 5164 | GYRO: 1718 -1462 -564 | GDP=2325.309
FLEX: 2425 2034 2193 2250 2544 | ACC: -11848 10240 5080 | GYRO: 1334 -1682 129 | GDP=2150.656
FLEX: 2490 2039 2193 2250 2546 | ACC: -11188 10572 4324 | GYRO: 1559 -1392 -315 | GDP=2113.615
FLEX: 2499 2027 2179 2163 2556 | ACC: -12220 10444 5256 | GYRO: -358 -1238 914 | GDP=1579.938
FLEX: 2480 2032 2190 2141 2556 | ACC: -10776 10604 4348 | GYRO: -2126 -8 367 | GDP=2157.459
FLEX: 2483 2006 2174 2096 2559 | ACC: -11020 9392 5724 | GYRO: -2222 -533 1269 | GDP=2613.759
FLEX: 2483 2023 2181 2093 2636 | ACC: -11300 10964 5324 | GYRO: -974 1238 780 | GDP=1757.760
FLEX: 2485 2018 2169 2075 2559 | ACC: -11260 10208 5544 | GYRO: -1849 129 1090 | GDP=2150.242
FLEX: 2515 2007 2192 2087 2645 | ACC: -11480 10492 5320 | GYRO: -1967 801 712 | GDP=2240.008
FLEX: 2484 2054 2178 2054 2559 | ACC: -11864 9932 6452 | GYRO: -2167 1596 1106 | GDP=2909.698
FLEX: 2543 2020 2203 2081 2672 | ACC: -10996 10240 5868 | GYRO: -1410 -560 1278 | GDP=1983.679
FLEX: 2523 2064 2161 2016 2559 | ACC: -11248 10136 6600 | GYRO: -1690 -535 1248 | GDP=2167.909
FLEX: 2542 2039 2214 2059 2672 | ACC: -10592 10232 6480 | GYRO: -1970 920 1469 | GDP=2623.978
FLEX: 2496 2082 2160 1977 2551 | ACC: -10396 10216 6652 | GYRO: 356 346 309 | GDP=584.750
FLEX: 2495 2064 2179 2011 2718 | ACC: -10628 10528 5632 | GYRO: -1186 -182 161 | GDP=1210.637
FLEX: 2507 2016 2149 1955 2519 | ACC: -10124 10228 6384 | GYRO: 1599 -1932 -272 | GDP=2522.580
FLEX: 2530 2058 2160 1914 2735 | ACC: -10896 10124 6556 | GYRO: 577 13 24 | GDP=577.645
FLEX: 2491 2031 2150 1957 2527 | ACC: -10460 10616 6380 | GYRO: 636 -124 -336 | GDP=729.910
FLEX: 2517 2027 2160 1960 2738 | ACC: -11484 9972 7784 | GYRO: -559 -295 270 | GDP=687.318
FLEX: 2475 1983 2133 1936 2516 | ACC: -10160 10456 5984 | GYRO: -141 1091 -114 | GDP=1105.965
FLEX: 2510 2037 2157 1953 2773 | ACC: -11116 9948 7424 | GYRO: 383 -321 -319 | GDP=592.867
FLEX: 2471 2028 2127 1947 2523 | ACC: -10748 10340 6048 | GYRO: -577 -12 325 | GDP=662.343
FLEX: 2559 2009 2160 1982 2830 | ACC: -10332 10048 6364 | GYRO: 604 -687 205 | GDP=937.449
FLEX: 2480 2007 2133 1920 2531 | ACC: -10992 10224 6852 | GYRO: -1401 606 817 | GDP=1731.336
FLEX: 2513 2006 2157 1942 2851 | ACC: -10928 10332 7828 | GYRO: -403 -3140 259 | GDP=3176.333
FLEX: 2464 2011 2134 1934 2529 | ACC: -11092 9572 7892 | GYRO: -3061 -647 729 | GDP=3212.440
FLEX: 2471 2038 2151 1963 2735 | ACC: -9448 9960 7392 | GYRO: -1657 -2030 378 | GDP=2647.533
FLEX: 2454 2012 2113 1915 2512 | ACC: -10332 9300 8308 | GYRO: -1491 -2124 191 | GDP=2602.103
FLEX: 2493 2047 2135 1974 2844 | ACC: -10144 9908 8244 | GYRO: -830 -275 -114 | GDP=881.771
FLEX: 2466 2038 2156 1906 2504 | ACC: -10364 9360 8348 | GYRO: -683 -1127 291 | GDP=1349.555
FLEX: 2480 2039 2176 1943 2898 | ACC: -9784 10224 8432 | GYRO: 629 329 -83 | GDP=714.682
FLEX: 2512 2029 2145 1903 2512 | ACC: -10148 8804 9348 | GYRO: 321 -265 10 | GDP=416.372
FLEX: 2497 2059 2163 1954 2907 | ACC: -10452 9512 9212 | GYRO: 343 415 -130 | GDP=553.872
FLEX: 2480 2047 2147 1908 2462 | ACC: -10208 9484 9008 | GYRO: 1192 396 -341 | GDP=1301.523
FLEX: 2527 2034 2146 1955 2918 | ACC: -10304 9896 7868 | GYRO: 180 258 -16 | GDP=314.992
FLEX: 2480 2039 2127 1920 2435 | ACC: -10332 9628 8012 | GYRO: 795 -39 -79 | GDP=799.867
FLEX: 2510 2065 2149 1955 2926 | ACC: -10416 9696 8140 | GYRO: 336 353 185 | GDP=521.277
FLEX: 2457 2043 2143 1935 2467 | ACC: -10216 9600 8600 | GYRO: 315 -974 118 | GDP=1030.449
FLEX: 2490 2055 2140 1945 2928 | ACC: -10844 9336 9612 | GYRO: -220 -4160 389 | GDP=4183.936
FLEX: 2499 2032 2124 1936 2463 | ACC: -12216 9336 12068 | GYRO: 1279 -14350 -23 | GDP=14406.903
FLEX: 2527 2047 2159 1968 2930 | ACC: -11336 9868 10548 | GYRO: 817 -32768 2310 | GDP=32859.480
FLEX: 2502 2030 2159 1927 2455 | ACC: -3944 10076 7088 | GYRO: -2792 -32768 3782 | GDP=33103.480
FLEX: 2523 2065 2147 1981 2897 | ACC: -580 9856 11460 | GYRO: -4152 -4602 45 | GDP=6198.349
FLEX: 2522 2035 2126 1918 2462 | ACC: -3528 8712 15844 | GYRO: -1953 -4485 491 | GDP=4916.352
FLEX: 2529 2032 2149 1959 2901 | ACC: -112 9024 12276 | GYRO: -936 -2660 1156 | GDP=3047.627
FLEX: 2507 2015 2133 1903 2416 | ACC: -3084 8428 15724 | GYRO: -1165 -2877 926 | GDP=3239.109
FLEX: 2541 2058 2146 1969 2932 | ACC: -636 9000 12624 | GYRO: -698 -1938 806 | GDP=2211.941
FLEX: 2496 2030 2141 1916 2437 | ACC: -2368 8516 14476 | GYRO: -1980 -2336 321 | GDP=3079.016
FLEX: 2517 2037 2161 1986 2891 | ACC: -500 8568 12308 | GYRO: -4273 2616 440 | GDP=5029.472
FLEX: 2487 2031 2121 1936 2432 | ACC: -2844 8140 14148 | GYRO: -12089 156 -776 | GDP=12114.885
FLEX: 2475 2022 2150 1995 2923 | ACC: -948 5136 14968 | GYRO: -11750 -5373 -1598 | GDP=13018.649
FLEX: 2470 2005 2162 1883 2442 | ACC: -764 4620 15156 | GYRO: -13021 609 -6685 | GDP=14649.456
FLEX: 2499 2013 2163 1968 2933 | ACC: -2292 2732 19568 | GYRO: -8481 -8698 -3383 | GDP=12610.601
FLEX: 2471 1995 2181 1920 2464 | ACC: -108 1376 18392 | GYRO: -2431 -5543 -3454 | GDP=6968.839
FLEX: 2477 2017 2141 1926 2855 | ACC: -596 2044 18504 | GYRO: 832 -11854 -6105 | GDP=13359.662
FLEX: 2413 2011 2192 1947 2415 | ACC: 4020 1692 15964 | GYRO: 2855 -10141 -6157 | GDP=12202.440
FLEX: 2501 2074 2128 1952 2935 | ACC: 4244 1456 17340 | GYRO: 4329 -9948 -11179 | GDP=15577.965
FLEX: 2433 1985 2144 1920 2435 | ACC: 6164 3648 13880 | GYRO: 1653 -9045 -10545 | GDP=13990.764
FLEX: 2496 2023 2203 2010 2852 | ACC: 5540 4032 13900 | GYRO: 1072 -14279 -12306 | GDP=18880.590
FLEX: 2427 2045 2127 1913 2373 | ACC: 6620 3020 13128 | GYRO: -2912 -10526 -11610 | GDP=15939.526
FLEX: 2461 2068 2154 1921 2864 | ACC: 6012 4512 13088 | GYRO: -5066 -8528 -12807 | GDP=16199.086
FLEX: 2475 2014 2155 1919 2452 | ACC: 5896 2540 14428 | GYRO: -9669 -2963 -7545 | GDP=12617.288
FLEX: 2486 2037 2128 1968 2839 | ACC: 3316 1528 17900 | GYRO: -4289 -76 -5975 | GDP=7355.401
FLEX: 2454 2028 2230 1914 2480 | ACC: 4340 2936 16936 | GYRO: -561 -814 -2110 | GDP=2330.111
FLEX: 2480 2017 2161 1969 2835 | ACC: 5804 2884 16636 | GYRO: 1896 -35 -1472 | GDP=2400.588
FLEX: 2421 2009 2166 1958 2487 | ACC: 6744 3748 15712 | GYRO: 1679 2035 -2356 | GDP=3537.090
FLEX: 2511 2037 2163 1961 2809 | ACC: 6996 4108 14872 | GYRO: 2980 2260 -4574 | GDP=5908.424
FLEX: 2435 1991 2170 1949 2498 | ACC: 5336 3184 15284 | GYRO: 4891 1764 -7691 | GDP=9283.591
FLEX: 2480 2059 2176 1967 2788 | ACC: 3844 2932 13048 | GYRO: 7761 3757 -10379 | GDP=13493.398
FLEX: 2475 2032 2193 1966 2542 | ACC: 1484 5896 11844 | GYRO: 4077 3119 -8159 | GDP=9639.470
FLEX: 2480 2032 2170 1941 2800 | ACC: 668 7592 15492 | GYRO: -3428 4886 -3118 | GDP=6733.952
FLEX: 2458 2046 2179 1949 2523 | ACC: 1208 4948 19744 | GYRO: -3753 811 887 | GDP=3940.749
FLEX: 2479 2020 2170 1941 2783 | ACC: 3076 4428 16068 | GYRO: 332 -2323 347 | GDP=2372.122
FLEX: 2481 2064 2160 1933 2539 | ACC: 2428 4216 15900 | GYRO: -2369 3006 1027 | GDP=3962.692
FLEX: 2480 2015 2146 1951 2765 | ACC: 1916 4492 17268 | GYRO: 763 1693 535 | GDP=1932.522
FLEX: 2475 2033 2165 1936 2535 | ACC: 1868 4732 16204 | GYRO: 557 1394 1418 | GDP=2064.996
FLEX: 2451 2015 2144 1911 2741 | ACC: 2548 4544 15208 | GYRO: 996 1169 841 | GDP=1750.959
FLEX: 2445 2055 2160 1943 2549 | ACC: 2004 4500 15536 | GYRO: -302 -1373 2446 | GDP=2821.214
FLEX: 2417 2028 2127 1946 2710 | ACC: 2320 4960 16108 | GYRO: -507 -526 2618 | GDP=2718.023
FLEX: 2459 2029 2138 1934 2547 | ACC: 3200 3548 16212 | GYRO: -70 -2087 2772 | GDP=3470.512
FLEX: 2443 1995 2144 1937 2721 | ACC: 3124 3644 16544 | GYRO: 850 -798 2057 | GDP=2364.435
FLEX: 2437 2015 2147 1956 2559 | ACC: 3568 3768 16220 | GYRO: 1843 -1263 1500 | GDP=2691.063
FLEX: 2482 2018 2160 1930 2673 | ACC: 3500 4060 15996 | GYRO: 2022 -776 1607 | GDP=2696.870
FLEX: 2457 2022 2137 1933 2559 | ACC: 3360 3992 15844 | GYRO: 2342 -416 2122 | GDP=3187.617
FLEX: 2475 2032 2145 1938 2707 | ACC: 2740 4544 15908 | GYRO: 2608 -376 2984 | GDP=3980.866
FLEX: 2456 2024 2149 1926 2629 | ACC: 3288 4264 16220 | GYRO: 2822 -1319 4248 | GDP=5267.727
FLEX: 2465 2017 2150 1941 2640 | ACC: 4824 4932 14856 | GYRO: 2523 -2159 4575 | GDP=5653.091
FLEX: 2466 2017 2158 1921 2621 | ACC: 2504 3968 15744 | GYRO: 1593 -2278 2901 | GDP=4017.802
FLEX: 2473 2030 2179 1943 2672 | ACC: 3820 5060 14164 | GYRO: 1351 -5866 7925 | GDP=9951.924
FLEX: 2465 2016 2198 1934 2611 | ACC: 9284 3612 15240 | GYRO: 875 -2627 4820 | GDP=5558.701
FLEX: 2479 2015 2183 1950 2623 | ACC: 7420 4224 15836 | GYRO: 2999 -1411 4560 | GDP=5637.244
FLEX: 2448 2002 2208 1960 2630 | ACC: 8276 4604 12716 | GYRO: 1728 1747 1704 | GDP=2990.252
FLEX: 2486 2003 2192 1999 2609 | ACC: 7080 4756 14624 | GYRO: 1223 -746 820 | GDP=1650.650
FLEX: 2478 2001 2197 1975 2656 | ACC: 7720 4576 14292 | GYRO: 1104 837 -713 | GDP=1558.125
FLEX: 2455 2006 2190 1951 2582 | ACC: 8224 4540 13700 | GYRO: 394 1002 -1362 | GDP=1736.169
FLEX: 2503 2017 2211 2002 2671 | ACC: 7168 5136 15020 | GYRO: -994 1684 -3541 | GDP=4045.068
FLEX: 2469 2001 2237 2002 2531 | ACC: 6608 4512 14988 | GYRO: -1258 4261 -3089 | GDP=5411.155
FLEX: 2496 2038 2237 2043 2747 | ACC: 5772 4272 15380 | GYRO: -1139 2509 -3975 | GDP=4836.634
FLEX: 2444 1999 2211 2027 2547 | ACC: 4276 4148 14668 | GYRO: -1824 5115 -2287 | GDP=5892.416
FLEX: 2489 2039 2224 2034 2731 | ACC: 2860 4708 15272 | GYRO: -2896 1816 -938 | GDP=3544.646
FLEX: 2480 2019 2205 2013 2522 | ACC: 1716 3800 16916 | GYRO: -1406 1783 -1023 | GDP=2490.473
FLEX: 2503 2037 2255 2066 2785 | ACC: 2804 3476 15720 | GYRO: -359 609 181 | GDP=729.742
FLEX: 2476 2023 2227 2027 2512 | ACC: 2436 3816 16876 | GYRO: 730 132 1058 | GDP=1292.164
FLEX: 2482 2033 2183 2063 2752 | ACC: 3920 3172 16436 | GYRO: 1662 -1966 1184 | GDP=2833.594
FLEX: 2448 2009 2208 2017 2518 | ACC: 4676 3512 15636 | GYRO: 2163 -690 488 | GDP=2322.243
FLEX: 2462 2023 2223 2070 2774 | ACC: 4680 4060 14884 | GYRO: 1075 473 1095 | GDP=1605.733
FLEX: 2455 2015 2179 2005 2495 | ACC: 4688 4228 16044 | GYRO: 572 -697 862 | GDP=1247.412
FLEX: 2498 2047 2221 2043 2801 | ACC: 5032 3464 15416 | GYRO: 444 160 280 | GDP=548.759
FLEX: 2458 2032 2208 1996 2491 | ACC: 4720 3756 15564 | GYRO: 686 -87 -484 | GDP=844.050
FLEX: 2489 2043 2205 2046 2816 | ACC: 3796 3888 15488 | GYRO: 378 865 35 | GDP=944.634
FLEX: 2448 2004 2207 2000 2490 | ACC: 3916 3440 16104 | GYRO: 504 -443 314 | GDP=740.852
FLEX: 2500 2034 2214 2039 2823 | ACC: 4068 3668 16352 | GYRO: 1693 566 378 | GDP=1824.689
FLEX: 2448 2011 2223 2001 2497 | ACC: 4948 4080 15052 | GYRO: 2042 1484 968 | GDP=2703.524
FLEX: 2487 2019 2220 2032 2831 | ACC: 7428 4792 11524 | GYRO: 1811 12237 2610 | GDP=12642.626
FLEX: 2480 2046 2205 1985 2462 | ACC: -2280 4432 17388 | GYRO: -815 32767 10665 | GDP=34468.574
FLEX: 2480 2064 2214 2010 2830 | ACC: -3472 4316 17676 | GYRO: 5667 32767 11420 | GDP=35159.746
FLEX: 2460 2038 2197 1945 2448 | ACC: -5496 5300 13512 | GYRO: 6219 30402 8966 | GDP=32300.879
FLEX: 2494 2070 2206 2010 2858 | ACC: -9040 6664 11484 | GYRO: 2128 31796 8132 | GDP=32888.348
FLEX: 2466 2085 2224 1970 2463 | ACC: -10160 5540 13992 | GYRO: 3921 8107 4174 | GDP=9925.723
FLEX: 2486 2047 2209 2029 2885 | ACC: -8256 6964 11196 | GYRO: 1139 906 -336 | GDP=1493.671
FLEX: 2452 2061 2181 1974 2454 | ACC: -9512 6392 11816 | GYRO: -457 -3052 -835 | GDP=3196.995
FLEX: 2470 2060 2202 1987 2890 | ACC: -8436 6196 11168 | GYRO: 524 -6 -383 | GDP=649.077
FLEX: 2448 2069 2203 1953 2437 | ACC: -10128 5732 12600 | GYRO: 229 1492 -693 | GDP=1660.950
FLEX: 2480 2067 2226 2007 2883 | ACC: -9584 6804 11288 | GYRO: 998 -61 41 | GDP=1000.703
FLEX: 2450 2080 2203 1950 2439 | ACC: -9700 5832 11600 | GYRO: 407 4364 -80 | GDP=4383.668
FLEX: 2475 2065 2201 1998 2873 | ACC: -10312 6500 11716 | GYRO: 207 -789 199 | GDP=839.625
FLEX: 2448 2075 2166 1978 2432 | ACC: -10668 6420 12156 | GYRO: 466 1801 467 | GDP=1918.032
FLEX: 2464 2064 2218 2009 2902 | ACC: -9072 6144 11604 | GYRO: 868 -4263 1364 | GDP=4559.286
FLEX: 2454 2059 2188 1961 2418 | ACC: -9000 6112 12316 | GYRO: 884 -2464 -5 | GDP=2617.781
FLEX: 2447 2070 2229 2031 2873 | ACC: -9400 6288 12804 | GYRO: 1201 -8110 -1060 | GDP=8266.687
FLEX: 2475 2071 2206 1942 2430 | ACC: -13464 4728 17980 | GYRO: 1578 -21146 -4377 | GDP=21651.826
FLEX: 2502 2095 2193 1965 2901 | ACC: -3484 8900 7572 | GYRO: -1127 -32768 -2792 | GDP=32906.039
FLEX: 2480 2055 2176 1974 2439 | ACC: -1536 5216 17040 | GYRO: -1667 -15091 -4186 | GDP=15749.278
FLEX: 2487 2056 2192 2033 2901 | ACC: 2252 5368 13376 | GYRO: 1604 -12872 -1812 | GDP=13097.501
FLEX: 2438 2043 2165 2003 2405 | ACC: 788 6160 14328 | GYRO: 1070 -1505 -778 | GDP=2003.799
FLEX: 2452 2082 2201 2014 2867 | ACC: -836 5656 17180 | GYRO: 166 -2322 329 | GDP=2351.060
FLEX: 2469 2095 2172 1936 2418 | ACC: 1332 6016 14444 | GYRO: 799 146 -54 | GDP=814.023
FLEX: 2460 2032 2222 2007 2827 | ACC: -64 5956 16020 | GYRO: -197 -1825 422 | GDP=1883.486
FLEX: 2432 2047 2224 1935 2421 | ACC: 1556 5528 15128 | GYRO: 150 792 682 | GDP=1055.883
FLEX: 2449 2067 2179 2002 2871 | ACC: 156 5796 16608 | GYRO: 399 -1761 401 | GDP=1849.628
FLEX: 2433 2014 2147 1956 2471 | ACC: 1352 5704 15100 | GYRO: 242 563 390 | GDP=726.383
FLEX: 2495 2034 2162 1984 2850 | ACC: 1300 5532 15780 | GYRO: 94 -3031 765 | GDP=3127.463
FLEX: 2442 2059 2174 1963 2450 | ACC: 2008 5448 15084 | GYRO: 217 2326 -119 | GDP=2339.129
FLEX: 2482 2032 2171 1985 2834 | ACC: -104 5768 16272 | GYRO: -379 1205 -414 | GDP=1329.309
FLEX: 2450 2064 2160 1954 2448 | ACC: 760 5244 15684 | GYRO: 81 596 306 | GDP=674.843
FLEX: 2466 2060 2214 2000 2762 | ACC: 316 5212 16272 | GYRO: 700 -856 219 | GDP=1127.252
FLEX: 2479 2042 2177 1981 2480 | ACC: 508 5560 15404 | GYRO: 1030 1281 239 | GDP=1661.018
FLEX: 2492 2045 2180 2000 2783 | ACC: 380 5616 16028 | GYRO: 689 -1672 677 | GDP=1930.967
FLEX: 2461 2036 2195 1995 2510 | ACC: 1620 5384 15432 | GYRO: 29 -320 556 | GDP=642.166
FLEX: 2478 2018 2137 1984 2749 | ACC: 1504 5164 15360 | GYRO: -817 -153 -446 | GDP=943.299
FLEX: 2474 2033 2181 2010 2545 | ACC: 912 4948 16672 | GYRO: 322 447 690 | GDP=882.946
FLEX: 2481 2033 2174 1979 2715 | ACC: 224 4788 17412 | GYRO: 2403 681 553 | GDP=2558.120
FLEX: 2462 2055 2206 1983 2545 | ACC: 704 5556 15428 | GYRO: 2796 908 141 | GDP=2943.121
FLEX: 2465 2032 2191 1993 2707 | ACC: 628 6220 14768 | GYRO: 1445 641 257 | GDP=1601.548
FLEX: 2466 2041 2146 1974 2559 | ACC: 1248 6000 15400 | GYRO: 1283 925 525 | GDP=1666.535
FLEX: 2467 2017 2165 1971 2717 | ACC: 2616 5316 14780 | GYRO: 1298 3452 1033 | GDP=3829.908
FLEX: 2472 2045 2175 1943 2559 | ACC: 2752 5848 12052 | GYRO: 2076 22626 86 | GDP=22721.201
FLEX: 2445 2054 2178 1954 2653 | ACC: -4488 6416 17364 | GYRO: 1923 19607 -253 | GDP=19702.699
FLEX: 2480 2046 2176 1970 2601 | ACC: -5308 6348 15912 | GYRO: 3401 3331 180 | GDP=4763.902
FLEX: 2465 2033 2179 1984 2688 | ACC: -2288 6880 8972 | GYRO: 1060 22634 -919 | GDP=22677.437
FLEX: 2481 2055 2186 1968 2601 | ACC: -10048 6084 15632 | GYRO: 256 15579 -657 | GDP=15594.949
FLEX: 2480 2039 2181 1968 2642 | ACC: -9476 6852 13700 | GYRO: -1266 -491 185 | GDP=1370.424
FLEX: 2486 2055 2177 1975 2590 | ACC: -7260 5612 12640 | GYRO: -1258 -1999 2091 | GDP=3154.496
FLEX: 2470 2034 2175 1968 2627 | ACC: -7232 5756 13620 | GYRO: 659 2877 1125 | GDP=3158.645
FLEX: 2473 2036 2179 2010 2624 | ACC: -7812 6344 13808 | GYRO: 1232 -657 -38 | GDP=1396.752
FLEX: 2434 2032 2181 1956 2609 | ACC: -7544 6308 13440 | GYRO: 678 -3379 478 | GDP=3479.340
FLEX: 2486 2038 2166 2000 2690 | ACC: -5952 6076 12564 | GYRO: 1238 -3079 381 | GDP=3340.366
FLEX: 2451 2032 2184 1962 2559 | ACC: -6856 6624 13372 | GYRO: 1363 472 -733 | GDP=1617.975
FLEX: 2469 2063 2199 1955 2674 | ACC: -7108 6240 13304 | GYRO: 117 -91 -405 | GDP=431.271
FLEX: 2473 2023 2151 1945 2559 | ACC: -7868 5696 14948 | GYRO: 902 -857 -11 | GDP=1244.256
FLEX: 2496 2041 2192 1981 2682 | ACC: -6344 7040 13016 | GYRO: 2590 -1853 -257 | GDP=3194.958
FLEX: 2471 2031 2192 1955 2555 | ACC: -7532 6152 13764 | GYRO: -727 1037 -187 | GDP=1280.182
FLEX: 2498 2037 2178 1979 2726 | ACC: -6640 6312 13440 | GYRO: 737 -2197 203 | GDP=2326.196
FLEX: 2478 2016 2177 1955 2501 | ACC: -6752 6420 13448 | GYRO: 183 -175 -202 | GDP=323.910
FLEX: 2508 2055 2198 1988 2747 | ACC: -6796 6456 13772 | GYRO: 351 -1168 118 | GDP=1225.296
FLEX: 2473 2043 2188 1943 2511 | ACC: -6432 6088 14140 | GYRO: 20 -868 309 | GDP=921.577
FLEX: 2487 2045 2148 1985 2730 | ACC: -5992 6052 13940 | GYRO: 1296 410 -381 | GDP=1411.693
FLEX: 2475 1990 2174 1943 2513 | ACC: -6860 6656 13744 | GYRO: 1220 712 -488 | GDP=1494.486
FLEX: 2481 2060 2227 1987 2766 | ACC: -6924 6640 13588 | GYRO: 516 -840 28 | GDP=986.225
FLEX: 2475 2000 2192 1958 2493 | ACC: -6352 6184 13300 | GYRO: 473 -27 146 | GDP=495.756
FLEX: 2499 2043 2179 2000 2811 | ACC: -6816 6516 13616 | GYRO: 307 122 76 | GDP=338.982
FLEX: 2448 2062 2199 1939 2477 | ACC: -6416 6416 13780 | GYRO: 112 -2723 396 | GDP=2753.922
FLEX: 2517 2054 2174 1984 2815 | ACC: -5720 6008 14208 | GYRO: 511 -656 490 | GDP=965.172
FLEX: 2467 2041 2177 1958 2467 | ACC: -5684 6428 13776 | GYRO: 966 244 -517 | GDP=1122.489
FLEX: 2468 2056 2192 1999 2817 | ACC: -6900 6592 14412 | GYRO: 84 -3292 -712 | GDP=3369.164
FLEX: 2478 2035 2160 1958 2466 | ACC: -5260 6188 13244 | GYRO: -1181 -3978 -600 | GDP=4192.761
FLEX: 2501 2042 2177 1990 2848 | ACC: -6528 5648 15316 | GYRO: -765 -1956 -415 | GDP=2140.884
FLEX: 2482 2043 2176 1950 2442 | ACC: -4784 5792 13992 | GYRO: 136 -4640 -290 | GDP=4651.042
FLEX: 2494 2046 2188 2000 2868 | ACC: -5052 5876 15648 | GYRO: 1366 -609 845 | GDP=1717.807
FLEX: 2465 2034 2176 1958 2433 | ACC: -4840 6036 14764 | GYRO: 2527 3692 1777 | GDP=4813.971
FLEX: 2491 2037 2176 2000 2864 | ACC: -2808 6824 11292 | GYRO: 4513 18700 3053 | GDP=19477.627
FLEX: 2480 2063 2149 1962 2435 | ACC: -7976 7168 13232 | GYRO: 5331 24732 3191 | GDP=25500.467
FLEX: 2482 2046 2189 1999 2864 | ACC: -10956 8188 11480 | GYRO: 1745 28884 5717 | GDP=29496.010
FLEX: 2483 2043 2194 1988 2414 | ACC: -11640 6528 8928 | GYRO: 1117 16779 5238 | GDP=17613.039
FLEX: 2497 2054 2199 2028 2910 | ACC: -8096 9132 6200 | GYRO: 3604 13921 1535 | GDP=14461.648
FLEX: 2469 2032 2179 1974 2444 | ACC: -13728 7760 8048 | GYRO: -87 11199 2797 | GDP=11543.326
FLEX: 2498 2031 2199 2035 2803 | ACC: -13440 9332 5836 | GYRO: -166 13383 1513 | GDP=13469.276
FLEX: 2480 2057 2217 2007 2425 | ACC: -11912 8068 5460 | GYRO: 1017 6547 1423 | GDP=6776.608
FLEX: 2495 2074 2227 2081 2877 | ACC: -13716 8720 5624 | GYRO: 539 5918 400 | GDP=5955.942
FLEX: 2474 2071 2208 2045 2384 | ACC: -13068 8036 4572 | GYRO: 1246 -1868 -538 | GDP=2308.979
FLEX: 2516 2000 2190 2020 2934 | ACC: -13164 8776 4172 | GYRO: 748 549 -579 | GDP=1093.685
FLEX: 2502 2057 2235 2006 2354 | ACC: -13016 8648 4388 | GYRO: 431 -3166 -468 | GDP=3229.294
FLEX: 2521 2059 2207 2128 2882 | ACC: -12884 8636 4076 | GYRO: 221 636 -161 | GDP=692.285
FLEX: 2459 2032 2176 1994 2451 | ACC: -12920 8192 5124 | GYRO: 529 -1927 -37 | GDP=1998.634
FLEX: 2497 2070 2211 2129 2865 | ACC: -12512 8584 4568 | GYRO: 1063 165 59 | GDP=1077.346
FLEX: 2511 2057 2174 2080 2377 | ACC: -13708 8768 5568 | GYRO: 587 -1461 -89 | GDP=1577.026
FLEX: 2519 2075 2229 2071 2845 | ACC: -13368 8368 4692 | GYRO: -746 -4526 -114 | GDP=4588.484
FLEX: 2514 2064 2258 1996 2384 | ACC: -15064 8476 7504 | GYRO: -404 -13502 -835 | GDP=13533.826
FLEX: 2534 2096 2209 2046 2806 | ACC: -12768 8468 6428 | GYRO: -238 -32768 -2516 | GDP=32865.313
FLEX: 2479 2124 2221 2006 2414 | ACC: -10204 8068 9192 | GYRO: -1321 -32768 -3849 | GDP=33019.715
FLEX: 2480 2079 2198 2000 2818 | ACC: -4056 8152 10276 | GYRO: -3002 -31092 -3143 | GDP=31394.314
FLEX: 2559 2095 2186 2010 2445 | ACC: -4704 5872 17812 | GYRO: 231 -20306 -4703 | GDP=20844.789
FLEX: 2478 2073 2185 2039 2817 | ACC: 68 7584 14496 | GYRO: -2479 -23238 -5708 | GDP=24056.836
FLEX: 2485 2062 2186 1968 2461 | ACC: -1528 6324 20468 | GYRO: 1710 -18181 -7910 | GDP=19900.777
FLEX: 2486 2068 2197 1991 2784 | ACC: 3056 6280 10624 | GYRO: 4251 -8315 -7472 | GDP=11959.976
FLEX: 2466 2075 2193 1974 2512 | ACC: -1368 7920 12800 | GYRO: 1780 -1087 -5430 | GDP=5816.775
FLEX: 2511 2034 2197 1991 2797 | ACC: -1424 7632 13112 | GYRO: -76 1909 -1893 | GDP=2689.518
FLEX: 2475 2064 2199 1982 2494 | ACC: -3436 7696 15836 | GYRO: 295 6638 -188 | GDP=6647.211
FLEX: 2511 2071 2178 2000 2745 | ACC: 236 7064 14012 | GYRO: 129 1231 905 | GDP=1533.306
FLEX: 2483 2089 2166 1971 2559 | ACC: -1404 6960 17872 | GYRO: 384 2833 -236 | GDP=2868.631
FLEX: 2481 2064 2173 1979 2675 | ACC: -44 7044 14440 | GYRO: 820 1861 -1012 | GDP=2271.534
FLEX: 2501 2047 2184 1973 2543 | ACC: -2500 7312 16088 | GYRO: 1208 1095 -1609 | GDP=2290.670
FLEX: 2475 2035 2175 1965 2719 | ACC: -2052 7504 14060 | GYRO: 932 1897 -830 | GDP=2270.712
FLEX: 2510 2060 2186 1973 2553 | ACC: -3152 7484 15164 | GYRO: 58 1056 -74 | GDP=1060.177
FLEX: 2489 2067 2203 1978 2672 | ACC: -2488 7144 14820 | GYRO: 369 549 270 | GDP=714.466
FLEX: 2479 2060 2165 1983 2585 | ACC: -1772 7100 14088 | GYRO: 551 -810 680 | GDP=1192.519
