# label=G
# timestamp=1765791322.8030176
# format: FLEX: f1 f2 f3 f4 f5 | ACC: ax ay az | GYRO: gx gy gz | GDP=val
FLEX: 1927 2512 2743 2864 2835 | ACC: -212 13752 8892 | GYRO: 730 221 -68 | GDP=765.745
FLEX: 1901 2514 2759 2835 2822 | ACC: -12 13576 8916 | GYRO: 246 -577 212 | GDP=662.109
FLEX: 1920 2502 2773 2875 2831 | ACC: -96 13640 9056 | GYRO: -27 -221 192 | GDP=293.997
FLEX: 1905 2481 2715 2864 2854 | ACC: 64 13732 9300 | GYRO: -247 -488 170 | GDP=572.759
FLEX: 1925 2512 2773 2851 2803 | ACC: 240 13500 9856 | GYRO: -195 -244 526 | GDP=611.749
FLEX: 1889 2496 2739 2864 2850 | ACC: 360 13772 9888 | GYRO: -9 -437 470 | GDP=641.833
FLEX: 1933 2499 2799 2860 2843 | ACC: 548 13596 9964 | GYRO: 285 195 310 | GDP=464.058
FLEX: 1882 2513 2755 2877 2845 | ACC: 856 13484 10052 | GYRO: 625 -631 189 | GDP=908.024
FLEX: 1893 2513 2777 2864 2860 | ACC: 688 13452 10024 | GYRO: 935 210 21 | GDP=958.523
FLEX: 1895 2503 2752 2851 2876 | ACC: 448 13596 9548 | GYRO: 1002 138 -309 | GDP=1057.605
FLEX: 1881 2501 2785 2863 2862 | ACC: 444 13488 9104 | GYRO: 949 271 -400 | GDP=1064.914
FLEX: 1894 2486 2751 2845 2853 | ACC: -124 13768 9240 | GYRO: 416 -434 83 | GDP=606.878
FLEX: 1885 2510 2789 2908 2833 | ACC: 420 13732 9528 | GYRO: 403 -177 357 | GDP=566.734
FLEX: 1919 2486 2768 2894 2835 | ACC: 244 13692 9716 | GYRO: 572 30 216 | GDP=612.160
FLEX: 1909 2518 2771 2883 2835 | ACC: 892 13560 9400 | GYRO: 467 -222 321 | GDP=608.616
FLEX: 1897 2489 2727 2855 2804 | ACC: 580 13524 9988 | GYRO: 631 -345 325 | GDP=789.184
FLEX: 1889 2497 2786 2880 2847 | ACC: 740 13400 9960 | GYRO: 733 176 -179 | GDP=774.794
FLEX: 1907 2496 2766 2823 2832 | ACC: 944 13368 9828 | GYRO: 853 21 -244 | GDP=887.460
FLEX: 1904 2491 2766 2861 2874 | ACC: -84 13760 9740 | GYRO: 908 134 -329 | GDP=975.018
FLEX: 1894 2513 2757 2890 2845 | ACC: 444 13532 9400 | GYRO: 780 58 -69 | GDP=785.191
FLEX: 1869 2511 2750 2863 2837 | ACC: 216 13700 9828 | GYRO: 729 -347 158 | GDP=822.687
FLEX: 1872 2475 2768 2871 2867 | ACC: 568 13388 9356 | GYRO: 735 231 -183 | GDP=791.881
FLEX: 1895 2492 2770 2865 2823 | ACC: 168 13560 9784 | GYRO: 426 -394 217 | GDP=619.517
FLEX: 1883 2494 2768 2853 2833 | ACC: 628 13596 9716 | GYRO: 605 47 -15 | GDP=607.008
FLEX: 1893 2523 2768 2857 2816 | ACC: 444 13640 9628 | GYRO: 687 84 11 | GDP=692.204
FLEX: 1843 2501 2817 2887 2821 | ACC: 636 13572 9588 | GYRO: 744 -224 -5 | GDP=777.005
FLEX: 1861 2487 2826 2880 2825 | ACC: 212 13700 9648 | GYRO: 610 -119 38 | GDP=622.660
FLEX: 1860 2498 2741 2841 2838 | ACC: 644 13664 9696 | GYRO: 723 -54 61 | GDP=727.575
FLEX: 1903 2488 2796 2871 2816 | ACC: 532 13512 9620 | GYRO: 718 68 -14 | GDP=721.349
FLEX: 1872 2489 2720 2791 2875 | ACC: 524 13552 9528 | GYRO: 738 -201 -9 | GDP=764.935
FLEX: 1891 2483 2803 2869 2795 | ACC: 512 13508 9340 | GYRO: 775 235 -313 | GDP=868.227
FLEX: 1845 2503 2774 2896 2911 | ACC: 472 13532 9640 | GYRO: 692 -484 -6 | GDP=844.486
FLEX: 1856 2454 2747 2800 2833 | ACC: 504 13888 9540 | GYRO: 1047 89 -58 | GDP=1052.375
FLEX: 1866 2480 2787 2827 2862 | ACC: 464 13852 9508 | GYRO: 956 -144 -41 | GDP=967.653
FLEX: 1903 2480 2793 2885 2879 | ACC: 304 13648 9488 | GYRO: 1710 279 395 | GDP=1777.067
FLEX: 1818 2505 2785 2859 2864 | ACC: 628 13404 9416 | GYRO: 1605 -817 495 | GDP=1867.763
FLEX: 1955 2532 2751 2930 2896 | ACC: 1264 13372 8656 | GYRO: 2820 -1419 77 | GDP=3157.830
FLEX: 1829 2493 2847 2889 2865 | ACC: 2444 13380 7664 | GYRO: 680 -348 -1292 | GDP=1500.922
FLEX: 1839 2507 2752 2862 2903 | ACC: 344 13880 9728 | GYRO: 488 257 -1975 | GDP=2050.565
FLEX: 1907 2446 2751 2844 2843 | ACC: -356 14332 10072 | GYRO: 522 493 -1669 | GDP=1816.891
FLEX: 1883 2507 2730 3054 2858 | ACC: -1096 14568 9672 | GYRO: 842 869 -1248 | GDP=1738.283
FLEX: 1943 2510 2766 2863 2928 | ACC: -936 14196 9472 | GYRO: 1030 67 -7 | GDP=1032.201
FLEX: 1904 2478 2717 2949 2834 | ACC: -68 14300 8612 | GYRO: 1228 362 474 | GDP=1365.175
FLEX: 1824 2454 2942 2827 2742 | ACC: -380 13384 9184 | GYRO: 945 -316 991 | GDP=1405.333
FLEX: 1805 2529 2684 2847 2752 | ACC: 492 14348 8832 | GYRO: 1319 -965 1129 | GDP=1986.360
FLEX: 2096 2484 2674 2887 2871 | ACC: -40 13732 9728 | GYRO: 1798 -257 636 | GDP=1924.409
FLEX: 2150 2402 2691 2877 2885 | ACC: 780 14904 7876 | GYRO: 2035 683 326 | GDP=2171.173
FLEX: 2158 2459 2786 2901 2883 | ACC: -2040 14496 9756 | GYRO: 1421 -979 1795 | GDP=2489.921
FLEX: 1793 2499 2683 2871 2915 | ACC: 664 14300 8200 | GYRO: 1869 -1081 2135 | GDP=3036.437
FLEX: 2113 2522 2775 2919 2813 | ACC: 92 13648 9016 | GYRO: 3488 -20 975 | GDP=3621.763
FLEX: 1777 2453 2694 2887 2853 | ACC: 448 14500 7988 | GYRO: 3973 348 491 | GDP=4018.322
FLEX: 2032 2493 2785 2866 2892 | ACC: 1064 14316 7336 | GYRO: 4253 440 -274 | GDP=4284.470
FLEX: 1856 2495 2680 2857 2822 | ACC: 640 14484 7688 | GYRO: 2164 -1158 954 | GDP=2633.244
FLEX: 1921 2461 2779 2928 2752 | ACC: 2916 12692 7212 | GYRO: 2411 245 -18 | GDP=2423.483
FLEX: 1933 2488 2659 2863 2863 | ACC: 2060 10908 7492 | GYRO: 1641 -19 -1278 | GDP=2080.030
FLEX: 1585 2471 2713 2870 2885 | ACC: 2568 14588 4136 | GYRO: 557 230 -1530 | GDP=1644.399
FLEX: 1719 2496 2622 2866 2837 | ACC: 4076 15904 6108 | GYRO: -3298 -2948 147 | GDP=4425.959
FLEX: 1757 2471 2738 2874 2832 | ACC: 2444 16008 8064 | GYRO: -532 2126 -4925 | GDP=5390.596
FLEX: 1772 2454 2691 2893 2827 | ACC: -3684 17440 9040 | GYRO: 29 1737 -3376 | GDP=3796.760
FLEX: 1719 2481 2747 2881 2853 | ACC: -1604 15540 8756 | GYRO: 300 -553 544 | GDP=831.712
FLEX: 1859 2471 2682 2896 2829 | ACC: -724 15068 7984 | GYRO: 761 307 1076 | GDP=1353.198
FLEX: 1616 2460 2740 2874 2833 | ACC: 1196 14336 7148 | GYRO: 542 436 1075 | GDP=1280.424
FLEX: 1775 2470 2659 2864 2805 | ACC: 332 14320 8064 | GYRO: 676 392 422 | GDP=888.101
FLEX: 1721 2496 2736 2832 2804 | ACC: 476 14660 8316 | GYRO: 825 359 398 | GDP=983.824
FLEX: 1818 2481 2655 2858 2846 | ACC: 184 14960 8412 | GYRO: 1550 324 -228 | GDP=1599.831
FLEX: 1774 2458 2733 2880 2827 | ACC: 96 15028 8088 | GYRO: 1993 1135 -643 | GDP=2381.958
FLEX: 1763 2464 2663 2864 2843 | ACC: -1752 15788 7696 | GYRO: 3257 2757 -1824 | GDP=4640.698
FLEX: 1810 2485 2761 2876 2811 | ACC: -1964 15180 7292 | GYRO: 2309 684 581 | GDP=2477.276
FLEX: 1770 2466 2657 2887 2832 | ACC: -732 14728 5552 | GYRO: 2500 1553 837 | GDP=3059.800
FLEX: 1803 2490 2766 2863 2839 | ACC: -940 14504 5924 | GYRO: 552 -223 2666 | GDP=2731.664
FLEX: 1746 2487 2638 2903 2829 | ACC: 1116 14268 6208 | GYRO: 207 210 2440 | GDP=2457.753
FLEX: 1734 2486 2746 2902 2833 | ACC: 1076 14228 6508 | GYRO: -272 -269 2195 | GDP=2228.087
FLEX: 1654 2480 2634 2864 2839 | ACC: 1908 14224 6000 | GYRO: 6 582 913 | GDP=1082.741
FLEX: 1728 2465 2752 2864 2850 | ACC: 1328 14796 6940 | GYRO: -719 887 251 | GDP=1169.073
FLEX: 1847 2462 2665 2852 2832 | ACC: 996 15592 7408 | GYRO: -1062 371 507 | GDP=1233.910
FLEX: 1790 2477 2749 2848 2864 | ACC: 808 15220 8684 | GYRO: -73 201 463 | GDP=509.999
FLEX: 1838 2466 2659 2868 2814 | ACC: 628 15304 7976 | GYRO: 570 583 234 | GDP=848.260
FLEX: 1866 2449 2763 2832 2800 | ACC: 996 14528 7780 | GYRO: 802 -32 426 | GDP=908.683
FLEX: 1840 2463 2626 2864 2847 | ACC: 708 14664 7216 | GYRO: 603 618 -74 | GDP=866.608
FLEX: 1904 2425 2754 2863 2861 | ACC: 1076 14528 7736 | GYRO: 303 -397 346 | GDP=607.564
FLEX: 1853 2470 2674 2858 2822 | ACC: 944 14800 7652 | GYRO: 560 277 -198 | GDP=655.388
FLEX: 1911 2511 2754 2873 2845 | ACC: 848 14756 8220 | GYRO: 770 -293 -176 | GDP=842.452
FLEX: 1904 2460 2667 2864 2847 | ACC: 624 14908 7728 | GYRO: 1303 376 -563 | GDP=1468.385
FLEX: 1802 2481 2717 2866 2860 | ACC: 672 14840 7576 | GYRO: 1103 0 -346 | GDP=1155.995
FLEX: 1873 2477 2690 2827 2800 | ACC: 852 15132 7360 | GYRO: 1725 71 -447 | GDP=1783.389
FLEX: 1858 2509 2718 2879 2850 | ACC: 952 14856 7600 | GYRO: 1201 -656 -237 | GDP=1388.851
FLEX: 1822 2514 2639 2838 2817 | ACC: 944 14848 7640 | GYRO: 1844 -514 -570 | GDP=1997.356
FLEX: 1813 2499 2737 2887 2830 | ACC: 600 14516 7364 | GYRO: 1848 -320 -787 | GDP=2033.930
FLEX: 1846 2480 2642 2851 2835 | ACC: 436 14700 6792 | GYRO: 2009 -852 -708 | GDP=2294.177
FLEX: 1872 2482 2704 2864 2775 | ACC: 240 14904 6848 | GYRO: 1295 -1408 -166 | GDP=1920.168
FLEX: 1821 2471 2619 2864 2842 | ACC: 1008 14984 6240 | GYRO: 1384 -1719 -583 | GDP=2282.609
FLEX: 1839 2473 2743 2858 2873 | ACC: 996 15208 6392 | GYRO: 404 -1510 -560 | GDP=1660.396
FLEX: 1794 2473 2662 2849 2818 | ACC: 1828 14376 6336 | GYRO: 454 -3407 -1109 | GDP=3611.599
FLEX: 1812 2487 2756 2895 2813 | ACC: 1440 14652 5204 | GYRO: 579 153 -3378 | GDP=3430.676
FLEX: 1811 2487 2658 2840 2816 | ACC: -2668 16224 6416 | GYRO: 189 -175 -2660 | GDP=2672.442
FLEX: 1808 2486 2783 2864 2715 | ACC: -2348 16236 6884 | GYRO: 208 -589 -753 | GDP=978.363
FLEX: 1824 2464 2669 2873 2816 | ACC: -1356 16256 6700 | GYRO: 1015 239 199 | GDP=1061.578
FLEX: 1835 2495 2791 2863 2801 | ACC: 8 15300 6636 | GYRO: 900 -639 1063 | GDP=1532.413
FLEX: 1839 2476 2661 2863 2838 | ACC: 508 14832 6448 | GYRO: 882 399 431 | GDP=1059.663
FLEX: 1821 2501 2784 2865 2828 | ACC: 352 14976 6708 | GYRO: 812 -89 279 | GDP=863.195
FLEX: 1846 2490 2685 2853 2832 | ACC: 496 15192 6852 | GYRO: 978 107 -124 | GDP=991.619
FLEX: 1863 2480 2769 2869 2834 | ACC: -552 15284 6980 | GYRO: 1384 541 -239 | GDP=1505.077
FLEX: 1813 2480 2651 2870 2803 | ACC: -272 15344 6756 | GYRO: 1288 162 251 | GDP=1322.191
FLEX: 1864 2502 2750 2886 2815 | ACC: -472 15408 6756 | GYRO: 1466 -24 733 | GDP=1639.214
FLEX: 1827 2471 2637 2853 2812 | ACC: -244 15340 6716 | GYRO: 1785 368 810 | GDP=1994.429
FLEX: 1837 2470 2751 2859 2805 | ACC: 60 15412 6472 | GYRO: 2047 343 908 | GDP=2265.463
FLEX: 1843 2507 2672 2835 2813 | ACC: 160 15580 5948 | GYRO: 1952 857 726 | GDP=2252.072
FLEX: 1862 2483 2746 2846 2832 | ACC: 220 15132 6132 | GYRO: 1972 621 1063 | GDP=2324.735
FLEX: 1840 2499 2675 2851 2832 | ACC: 692 15456 5204 | GYRO: 1668 593 1065 | GDP=2065.938
FLEX: 1869 2458 2789 2843 2822 | ACC: 1656 14716 4896 | GYRO: 1113 -507 830 | GDP=1478.079
FLEX: 1853 2483 2658 2833 2829 | ACC: 2060 15024 4308 | GYRO: -316 -210 -341 | GDP=510.134
FLEX: 1837 2465 2731 2851 2817 | ACC: 1660 14732 5268 | GYRO: -861 -907 -616 | GDP=1394.068
FLEX: 1865 2509 2672 2846 2836 | ACC: 184 15580 6484 | GYRO: -943 154 -1705 | GDP=1954.479
FLEX: 1869 2478 2746 2896 2859 | ACC: -736 15628 7168 | GYRO: -281 -491 -634 | GDP=849.705
FLEX: 1844 2478 2634 2834 2819 | ACC: -880 15884 6860 | GYRO: 627 463 -732 | GDP=1069.262
FLEX: 1874 2480 2767 2879 2837 | ACC: -372 15456 6684 | GYRO: 918 -296 405 | GDP=1046.119
FLEX: 1841 2480 2662 2891 2851 | ACC: -216 15536 6152 | GYRO: 1396 552 236 | GDP=1519.610
FLEX: 1893 2473 2716 2846 2810 | ACC: 348 15164 6220 | GYRO: 951 -269 828 | GDP=1289.320
FLEX: 1865 2475 2706 2871 2835 | ACC: 668 15248 5908 | GYRO: 1115 313 269 | GDP=1188.930
FLEX: 1884 2480 2736 2863 2830 | ACC: 604 15248 6028 | GYRO: 804 -124 238 | GDP=847.606
FLEX: 1853 2480 2653 2848 2842 | ACC: 636 15384 6052 | GYRO: 928 7 38 | GDP=928.804
FLEX: 1867 2480 2743 2864 2839 | ACC: 240 15432 6228 | GYRO: 989 -95 85 | GDP=997.182
FLEX: 1841 2421 2705 2855 2821 | ACC: 524 15500 6112 | GYRO: 1296 90 109 | GDP=1303.686
FLEX: 1866 2434 2702 2851 2840 | ACC: 340 15404 6032 | GYRO: 1248 -103 118 | GDP=1257.791
FLEX: 1863 2449 2669 2885 2823 | ACC: 396 15400 5652 | GYRO: 1190 133 69 | GDP=1199.396
FLEX: 1874 2474 2740 2887 2827 | ACC: 604 15528 5648 | GYRO: 1116 -369 105 | GDP=1180.103
FLEX: 1872 2478 2683 2863 2839 | ACC: 840 15448 5544 | GYRO: 1037 -156 -254 | GDP=1078.991
FLEX: 1901 2483 2724 2850 2825 | ACC: 780 15400 5516 | GYRO: 1002 -227 -412 | GDP=1106.922
FLEX: 1866 2476 2682 2827 2836 | ACC: 432 15124 5608 | GYRO: 547 -612 -416 | GDP=920.222
FLEX: 1905 2470 2719 2848 2826 | ACC: 600 15332 5200 | GYRO: 362 -638 -742 | GDP=1043.385
FLEX: 1859 2478 2697 2847 2855 | ACC: 860 15136 5084 | GYRO: -436 -783 -1010 | GDP=1350.291
FLEX: 1888 2476 2706 2864 2833 | ACC: 468 15244 5784 | GYRO: -686 -729 -1491 | GDP=1795.861
FLEX: 1910 2461 2702 2871 2795 | ACC: -336 15464 6636 | GYRO: -559 -626 -1319 | GDP=1563.368
FLEX: 1886 2461 2754 2880 2832 | ACC: -944 15988 6976 | GYRO: 237 32 -1446 | GDP=1465.643
FLEX: 1902 2449 2686 2859 2812 | ACC: -1308 15692 6592 | GYRO: 922 -237 -561 | GDP=1104.977
FLEX: 1917 2451 2717 2886 2833 | ACC: -904 15584 5896 | GYRO: 912 17 -68 | GDP=914.690
FLEX: 1889 2491 2690 2842 2837 | ACC: -232 15380 5452 | GYRO: 745 -27 431 | GDP=861.113
FLEX: 1872 2477 2740 2845 2795 | ACC: 64 15280 5676 | GYRO: 244 -336 616 | GDP=742.892
FLEX: 1889 2478 2689 2834 2791 | ACC: 220 15260 6072 | GYRO: 223 162 264 | GDP=381.666
FLEX: 1882 2473 2736 2859 2818 | ACC: 104 15420 6544 | GYRO: 127 -278 438 | GDP=534.095
FLEX: 1915 2455 2711 2830 2800 | ACC: 120 15348 6616 | GYRO: 693 221 72 | GDP=730.940
FLEX: 1894 2495 2762 2859 2863 | ACC: -200 15472 6304 | GYRO: 890 480 -9 | GDP=1011.227
FLEX: 1938 2475 2717 2821 2823 | ACC: -204 15468 6232 | GYRO: 968 395 323 | GDP=1094.248
FLEX: 1913 2469 2720 2880 2826 | ACC: -428 15596 6156 | GYRO: 1204 321 669 | GDP=1414.291
FLEX: 1903 2507 2667 2869 2886 | ACC: 376 15160 5928 | GYRO: 1001 -127 883 | GDP=1340.828
FLEX: 1925 2464 2719 2850 2841 | ACC: 16 15672 5836 | GYRO: 1087 1010 518 | GDP=1571.621
FLEX: 1901 2479 2670 2831 2818 | ACC: 540 15180 5928 | GYRO: 910 -88 877 | GDP=1266.875
FLEX: 1919 2474 2710 2842 2819 | ACC: 132 15512 5908 | GYRO: 1094 836 565 | GDP=1488.273
FLEX: 1908 2485 2715 2879 2795 | ACC: 140 15176 6144 | GYRO: 861 -272 957 | GDP=1315.733
FLEX: 1905 2477 2704 2847 2833 | ACC: 744 15360 5780 | GYRO: 1033 328 633 | GDP=1255.134
FLEX: 1860 2485 2723 2860 2811 | ACC: 820 15112 5624 | GYRO: 566 -90 593 | GDP=824.685
FLEX: 1855 2476 2737 2864 2845 | ACC: 976 15224 5536 | GYRO: 294 141 269 | GDP=422.703
FLEX: 1802 2485 2704 2864 2838 | ACC: 1076 15152 5808 | GYRO: -201 -312 99 | GDP=384.117
FLEX: 1886 2489 2739 2846 2874 | ACC: 1416 14928 5604 | GYRO: -614 -430 -590 | GDP=953.937
FLEX: 1831 2417 2755 2863 2816 | ACC: 1392 14904 5892 | GYRO: -1033 -273 -1374 | GDP=1740.544
FLEX: 1808 2480 2735 2811 2768 | ACC: -320 15644 7356 | GYRO: -825 -353 -987 | GDP=1333.943
FLEX: 1792 2449 2726 2884 2821 | ACC: -476 15928 7280 | GYRO: 326 130 -951 | GDP=1013.695
FLEX: 1787 2474 2647 2862 2784 | ACC: -1196 15640 6816 | GYRO: 1120 314 -43 | GDP=1163.978
FLEX: 1852 2469 2736 2859 2863 | ACC: 52 15152 6172 | GYRO: 965 -8 452 | GDP=1065.642
FLEX: 1791 2479 2647 2828 2833 | ACC: 264 15180 6024 | GYRO: 584 29 806 | GDP=995.758
FLEX: 1744 2422 2755 2807 2800 | ACC: 864 15136 5960 | GYRO: 326 -105 662 | GDP=745.349
FLEX: 1742 2414 2675 2856 2862 | ACC: 776 15200 6320 | GYRO: 53 364 190 | GDP=414.011
FLEX: 1712 2428 2710 2873 2915 | ACC: 820 15288 6704 | GYRO: -44 -210 247 | GDP=327.177
FLEX: 1715 2462 2770 2877 2862 | ACC: 520 15316 6840 | GYRO: 324 228 19 | GDP=396.637
FLEX: 1799 2446 2740 2804 2847 | ACC: 360 15256 6832 | GYRO: 720 16 -38 | GDP=721.180
FLEX: 1722 2482 2711 2768 2946 | ACC: 332 15044 6772 | GYRO: 782 156 -20 | GDP=797.659
FLEX: 1763 2457 2768 2915 2816 | ACC: 536 15228 6336 | GYRO: 726 497 72 | GDP=882.762
FLEX: 1779 2515 2672 2797 2827 | ACC: 472 15076 6432 | GYRO: 710 227 127 | GDP=756.147
FLEX: 1682 2522 2759 2900 2651 | ACC: 148 15168 6480 | GYRO: 432 521 30 | GDP=677.470
FLEX: 1747 2525 2725 2832 2849 | ACC: 296 15316 6440 | GYRO: 342 473 267 | GDP=641.858
FLEX: 1733 2512 2706 2796 2775 | ACC: 580 14912 7012 | GYRO: 419 256 232 | GDP=543.066
FLEX: 1775 2448 2635 2881 2730 | ACC: 604 15164 6828 | GYRO: 444 -174 270 | GDP=548.007
FLEX: 1740 2492 2774 2832 2835 | ACC: 580 14840 6628 | GYRO: 337 337 -212 | GDP=521.615
FLEX: 1717 2478 2687 2892 2811 | ACC: 900 15172 6204 | GYRO: 286 -474 -376 | GDP=669.214
FLEX: 1739 2487 2832 2814 2774 | ACC: 596 14892 6076 | GYRO: -1006 -962 -655 | GDP=1538.345
FLEX: 1863 2474 2720 2848 2864 | ACC: 428 15348 6920 | GYRO: -871 -976 -2 | GDP=1308.136
FLEX: 1867 2475 2774 2871 2809 | ACC: 200 15076 8024 | GYRO: -274 -564 -11 | GDP=627.131
FLEX: 1887 2475 2711 2755 2851 | ACC: 580 15264 7384 | GYRO: 849 -34 59 | GDP=851.727
FLEX: 1904 2459 2761 2892 2843 | ACC: 444 14756 7032 | GYRO: 862 -317 371 | GDP=990.542
FLEX: 1899 2470 2704 2838 2806 | ACC: 768 15140 6560 | GYRO: 677 -75 80 | GDP=685.824
FLEX: 1904 2466 2736 2859 2833 | ACC: 868 14620 7044 | GYRO: 452 -120 -77 | GDP=473.955
FLEX: 1890 2463 2685 2871 2832 | ACC: 588 15288 7264 | GYRO: 713 71 -178 | GDP=738.305
FLEX: 1921 2482 2751 2867 2819 | ACC: 560 14696 7320 | GYRO: 476 -158 -29 | GDP=502.375
FLEX: 1895 2467 2688 2848 2813 | ACC: 528 14996 7152 | GYRO: 1035 -37 -35 | GDP=1036.252
FLEX: 1918 2416 2751 2845 2835 | ACC: 536 14832 7100 | GYRO: 604 -123 124 | GDP=628.746
FLEX: 1899 2475 2693 2858 2812 | ACC: 852 14976 6900 | GYRO: 1055 -125 -42 | GDP=1063.209
FLEX: 1908 2486 2755 2863 2813 | ACC: 600 14980 7212 | GYRO: 572 74 21 | GDP=577.149
FLEX: 1909 2470 2656 2865 2802 | ACC: 740 15056 6700 | GYRO: 698 215 -134 | GDP=742.553
FLEX: 1908 2480 2735 2832 2826 | ACC: 576 14980 6892 | GYRO: 510 14 67 | GDP=514.573
FLEX: 1904 2482 2659 2849 2832 | ACC: 308 14924 7064 | GYRO: 422 89 146 | GDP=455.325
FLEX: 1906 2491 2739 2869 2832 | ACC: 384 14840 7120 | GYRO: 222 -15 257 | GDP=339.938
FLEX: 1898 2480 2671 2858 2844 | ACC: 516 14860 7144 | GYRO: 143 18 317 | GDP=348.227
FLEX: 1840 2478 2735 2855 2929 | ACC: 608 15076 7028 | GYRO: 412 -13 171 | GDP=446.267
FLEX: 1875 2431 2653 2896 2798 | ACC: 1060 14736 7296 | GYRO: 267 502 155 | GDP=589.337
FLEX: 1903 2481 2753 2857 2827 | ACC: 640 14792 7272 | GYRO: 462 134 -90 | GDP=489.387
FLEX: 1926 2492 2669 2815 2834 | ACC: 592 14872 7208 | GYRO: 503 -181 -28 | GDP=535.307
FLEX: 1932 2477 2735 2867 2836 | ACC: 476 14876 7432 | GYRO: 839 671 -45 | GDP=1075.261
FLEX: 1883 2458 2673 2867 2839 | ACC: 520 15036 7052 | GYRO: 514 -249 101 | GDP=579.998
FLEX: 1922 2477 2687 2831 2813 | ACC: 672 14916 7128 | GYRO: 696 197 3 | GDP=723.349
FLEX: 1923 2481 2647 2862 2758 | ACC: 856 14812 7448 | GYRO: 385 -176 156 | GDP=451.151
FLEX: 1904 2433 2796 2861 2823 | ACC: 800 14968 7356 | GYRO: 590 -45 54 | GDP=594.173
FLEX: 1919 2464 2688 2830 2855 | ACC: 656 14824 7308 | GYRO: 811 -67 -78 | GDP=817.492
FLEX: 1833 2448 2775 2842 2795 | ACC: 608 14840 7016 | GYRO: 688 36 -200 | GDP=717.384
FLEX: 1828 2447 2653 2842 2786 | ACC: 540 15060 7112 | GYRO: 383 -14 65 | GDP=388.729
FLEX: 1840 2466 2769 2838 2823 | ACC: 428 14956 7300 | GYRO: 567 -72 175 | GDP=597.744
FLEX: 1819 2471 2672 2832 2775 | ACC: 956 14736 7332 | GYRO: 742 377 40 | GDP=833.242
FLEX: 1805 2487 2744 2851 2763 | ACC: 768 14940 7300 | GYRO: 582 -262 76 | GDP=642.763
FLEX: 1792 2479 2662 2834 2800 | ACC: 628 14876 7384 | GYRO: 773 279 -52 | GDP=823.453
FLEX: 1833 2486 2798 2853 2843 | ACC: 720 14940 7240 | GYRO: 752 -200 14 | GDP=778.267
FLEX: 1790 2484 2702 2814 2838 | ACC: 612 14892 7324 | GYRO: 995 216 -1 | GDP=1018.176
FLEX: 1811 2477 2725 2903 2846 | ACC: 488 14936 7164 | GYRO: 784 -225 31 | GDP=816.237
FLEX: 1805 2449 2666 2845 2807 | ACC: 1016 14748 7056 | GYRO: 731 -13 60 | GDP=733.573
FLEX: 1802 2462 2739 2869 2811 | ACC: 664 14856 7124 | GYRO: 710 120 -25 | GDP=720.503
FLEX: 1781 2473 2656 2861 2839 | ACC: 744 14996 7204 | GYRO: 526 -246 -138 | GDP=596.855
FLEX: 1819 2466 2773 2864 2783 | ACC: 700 14824 7088 | GYRO: 517 42 -93 | GDP=526.974
FLEX: 1823 2480 2698 2805 2811 | ACC: 504 14960 7312 | GYRO: 431 30 -231 | GDP=489.920
FLEX: 1806 2423 2753 2841 2800 | ACC: 800 14672 7188 | GYRO: 348 -235 -260 | GDP=493.892
FLEX: 1803 2437 2643 2833 2831 | ACC: 692 14864 7440 | GYRO: 394 25 -412 | GDP=570.618
FLEX: 1809 2475 2797 2851 2796 | ACC: -80 15212 7952 | GYRO: 961 1263 -628 | GDP=1706.773
FLEX: 1826 2471 2679 2882 2828 | ACC: -288 15176 7636 | GYRO: 1562 1139 -118 | GDP=1936.773
FLEX: 1856 2464 2738 2825 2822 | ACC: 408 14852 6932 | GYRO: 1376 210 639 | GDP=1531.599
FLEX: 1877 2465 2672 2839 2825 | ACC: 724 14796 6644 | GYRO: 947 -79 557 | GDP=1101.499
FLEX: 1857 2458 2751 2851 2850 | ACC: 1456 14732 6644 | GYRO: 412 -419 438 | GDP=732.904
FLEX: 1851 2468 2689 2896 2857 | ACC: 752 14904 7124 | GYRO: 469 -89 -219 | GDP=525.208
FLEX: 1862 2497 2741 2845 2796 | ACC: 1128 14784 7028 | GYRO: 363 -919 -230 | GDP=1014.510
FLEX: 1871 2475 2670 2847 2800 | ACC: 768 14852 7000 | GYRO: 390 44 -907 | GDP=988.274
FLEX: 1859 2459 2752 2860 2838 | ACC: 384 14904 7424 | GYRO: 252 221 -1111 | GDP=1160.459
FLEX: 1865 2480 2686 2822 2817 | ACC: -916 15656 8080 | GYRO: 1547 1964 -1301 | GDP=2818.352
FLEX: 1877 2491 2752 2843 2831 | ACC: -984 15216 7412 | GYRO: 1895 776 -285 | GDP=2067.469
FLEX: 1872 2474 2690 2800 2819 | ACC: -100 15048 6364 | GYRO: 1496 648 563 | GDP=1724.787
FLEX: 1866 2471 2749 2850 2845 | ACC: 672 14768 6136 | GYRO: 493 -384 923 | GDP=1114.645
FLEX: 1850 2480 2681 2815 2827 | ACC: 1128 14764 6448 | GYRO: -16 -346 484 | GDP=595.171
FLEX: 1888 2482 2730 2874 2833 | ACC: 872 14888 6948 | GYRO: -275 -624 -67 | GDP=685.193
FLEX: 1856 2471 2691 2859 2806 | ACC: 480 15096 7456 | GYRO: 140 84 -624 | GDP=645.005
FLEX: 1871 2455 2749 2858 2823 | ACC: -212 15080 7820 | GYRO: 691 175 -566 | GDP=910.199
FLEX: 1842 2451 2699 2864 2799 | ACC: -320 15248 7100 | GYRO: 991 209 -229 | GDP=1038.366
FLEX: 1872 2487 2739 2838 2816 | ACC: 52 14880 6556 | GYRO: 753 -47 105 | GDP=761.737
FLEX: 1856 2480 2672 2861 2834 | ACC: 96 15000 6708 | GYRO: 219 -134 389 | GDP=466.088
FLEX: 1854 2473 2730 2861 2832 | ACC: 520 14900 7268 | GYRO: 106 -362 328 | GDP=499.864
FLEX: 1841 2478 2698 2861 2811 | ACC: 512 14944 7512 | GYRO: 576 337 -59 | GDP=669.945
FLEX: 1943 2474 2725 2829 2782 | ACC: 80 15100 7520 | GYRO: 819 -4 -19 | GDP=819.230
FLEX: 2032 2487 2704 2849 2811 | ACC: 356 15008 6960 | GYRO: 1088 141 -19 | GDP=1097.263
FLEX: 2208 2481 2738 2848 2854 | ACC: 296 15032 6892 | GYRO: 751 -170 46 | GDP=771.373
FLEX: 2224 2450 2716 2829 2871 | ACC: 740 14888 6632 | GYRO: 683 57 -130 | GDP=697.594
FLEX: 2230 2465 2799 2864 2833 | ACC: 208 14856 7052 | GYRO: 154 -450 -109 | GDP=487.952
FLEX: 2221 2467 2688 2826 2829 | ACC: 432 14880 7236 | GYRO: 303 170 -425 | GDP=548.939
FLEX: 2214 2441 2734 2834 2830 | ACC: -536 15332 7856 | GYRO: 911 306 -257 | GDP=994.789
FLEX: 2215 2477 2679 2832 2832 | ACC: -176 15132 7264 | GYRO: 1392 324 20 | GDP=1429.349
FLEX: 2214 2467 2719 2823 2840 | ACC: 60 14920 6500 | GYRO: 1084 -67 409 | GDP=1160.528
FLEX: 2213 2491 2711 2791 2828 | ACC: 1704 14476 5764 | GYRO: -509 -1013 194 | GDP=1150.168
FLEX: 2193 2438 2731 2868 2850 | ACC: 1096 14392 6592 | GYRO: -1493 60 -1067 | GDP=1836.066
FLEX: 2218 2494 2707 2835 2831 | ACC: -100 14908 8624 | GYRO: -1213 -541 -942 | GDP=1628.316
FLEX: 2205 2474 2746 2836 2810 | ACC: -704 15256 9112 | GYRO: 665 232 -956 | GDP=1187.428
FLEX: 2199 2474 2710 2864 2771 | ACC: -1456 15372 8176 | GYRO: 1884 -29 -270 | GDP=1903.470
FLEX: 2221 2469 2734 2827 2799 | ACC: -392 14744 6864 | GYRO: 1903 -124 434 | GDP=1955.797
FLEX: 2223 2441 2703 2871 2833 | ACC: 120 14736 6396 | GYRO: 1014 -20 599 | GDP=1177.878
FLEX: 2150 2450 2688 2864 2837 | ACC: 428 14608 6692 | GYRO: 250 -128 682 | GDP=737.569
FLEX: 2231 2430 2727 2845 2830 | ACC: 516 14644 7260 | GYRO: -45 -466 393 | GDP=611.253
FLEX: 2245 2499 2678 2839 2845 | ACC: 272 14920 7600 | GYRO: 167 -40 116 | GDP=207.232
FLEX: 2243 2441 2680 2837 2835 | ACC: 212 14960 7748 | GYRO: 516 32 -28 | GDP=517.749
FLEX: 2204 2474 2718 2773 2800 | ACC: 656 14672 7672 | GYRO: 571 -206 -70 | GDP=611.046
FLEX: 2203 2463 2722 2850 2874 | ACC: -152 14860 7568 | GYRO: 705 129 -342 | GDP=794.122
FLEX: 2239 2430 2692 2893 2791 | ACC: 416 14608 7368 | GYRO: 522 -361 -93 | GDP=641.447
FLEX: 2219 2441 2624 2813 2813 | ACC: -252 14988 7668 | GYRO: 591 -123 -213 | GDP=640.140
FLEX: 2214 2467 2659 2842 2859 | ACC: 220 14872 7460 | GYRO: 709 -127 -82 | GDP=724.937
FLEX: 2206 2485 2721 2777 2824 | ACC: 68 14916 7492 | GYRO: 852 60 -116 | GDP=861.951
FLEX: 2214 2433 2771 2879 2780 | ACC: 28 14760 7392 | GYRO: 758 -31 30 | GDP=759.227
FLEX: 2242 2553 2791 2845 2826 | ACC: 240 14876 7368 | GYRO: 853 146 -80 | GDP=869.094
FLEX: 2169 2430 2655 2906 2855 | ACC: 380 14800 7272 | GYRO: 622 -126 -102 | GDP=642.778
FLEX: 2246 2476 2667 2822 2973 | ACC: 124 14900 6988 | GYRO: 722 139 -214 | GDP=765.768
FLEX: 2178 2458 2705 2771 2795 | ACC: 68 14880 7420 | GYRO: 645 -71 -71 | GDP=652.769
FLEX: 2031 2479 2847 2821 2832 | ACC: -128 14940 7528 | GYRO: 741 89 111 | GDP=754.535
FLEX: 1981 2477 2650 2736 2879 | ACC: 392 14736 7200 | GYRO: 688 135 273 | GDP=752.395
FLEX: 2026 2515 2734 2861 2800 | ACC: 280 14788 7364 | GYRO: 633 187 134 | GDP=673.509
FLEX: 2106 2464 2700 2830 2848 | ACC: 280 14688 7516 | GYRO: 323 -620 107 | GDP=707.233
FLEX: 2019 2447 2768 2886 2812 | ACC: 432 14816 7324 | GYRO: 603 189 -333 | GDP=714.296
FLEX: 2023 2432 2679 2857 2832 | ACC: 104 14740 7372 | GYRO: 406 -543 -61 | GDP=680.739
FLEX: 2007 2478 2717 2862 2814 | ACC: -148 15016 7384 | GYRO: 645 655 -118 | GDP=926.809
FLEX: 2073 2480 2691 2841 2832 | ACC: 128 14784 7468 | GYRO: 678 -527 166 | GDP=874.625
FLEX: 2000 2475 2742 2850 2818 | ACC: 252 14784 7380 | GYRO: 686 397 101 | GDP=799.003
FLEX: 2003 2475 2704 2846 2821 | ACC: 316 14824 7564 | GYRO: 564 -196 -18 | GDP=597.358
FLEX: 2017 2480 2749 2846 2819 | ACC: 192 14768 7660 | GYRO: 905 193 -182 | GDP=943.079
FLEX: 2112 2513 2703 2848 2796 | ACC: 224 14764 7800 | GYRO: 879 127 -94 | GDP=893.088
FLEX: 2012 2474 2768 2825 2817 | ACC: 240 14852 7284 | GYRO: 1324 443 -304 | GDP=1428.860
FLEX: 1977 2458 2690 2826 2826 | ACC: -1448 15308 7384 | GYRO: 1118 904 338 | GDP=1476.951
FLEX: 1973 2457 2689 2861 2834 | ACC: 780 14756 7352 | GYRO: 941 -228 492 | GDP=1086.061
FLEX: 1982 2455 2704 2833 2863 | ACC: -320 15224 7864 | GYRO: 1077 -328 745 | GDP=1350.014
FLEX: 1983 2469 2761 2855 2817 | ACC: 1492 14424 6760 | GYRO: 1119 -1129 592 | GDP=1696.251
FLEX: 1925 2467 2671 2831 2812 | ACC: 160 14744 6096 | GYRO: 1298 1736 -1233 | GDP=2493.750
FLEX: 1945 2458 2749 2836 2800 | ACC: 320 14676 6772 | GYRO: 38 -1494 -81 | GDP=1496.677
FLEX: 1923 2459 2688 2822 2816 | ACC: 212 15028 6772 | GYRO: -65 29 -846 | GDP=848.989
FLEX: 1945 2462 2751 2851 2800 | ACC: 244 14896 7232 | GYRO: -572 -1552 -321 | GDP=1684.912
FLEX: 1947 2439 2688 2827 2787 | ACC: -284 14888 8288 | GYRO: 10 294 -505 | GDP=584.432
FLEX: 1840 2494 2738 2839 2795 | ACC: -288 15452 8244 | GYRO: 956 102 -451 | GDP=1061.952
FLEX: 1841 2454 2672 2818 2738 | ACC: -284 14960 7636 | GYRO: 1427 800 -510 | GDP=1713.601
FLEX: 1916 2511 2739 2859 2812 | ACC: -784 15092 7332 | GYRO: 1819 250 62 | GDP=1837.146
FLEX: 1904 2475 2666 2831 2809 | ACC: 312 14888 6484 | GYRO: 1101 560 320 | GDP=1276.010
FLEX: 1958 2463 2759 2846 2803 | ACC: 224 14644 7052 | GYRO: 1200 504 -137 | GDP=1308.734
FLEX: 1953 2463 2685 2798 2805 | ACC: 776 15092 6916 | GYRO: 618 49 -89 | GDP=626.295
FLEX: 1914 2537 2725 2819 2921 | ACC: -312 14872 6536 | GYRO: 614 1221 -490 | GDP=1451.874
FLEX: 1868 2459 2640 2832 2829 | ACC: 140 14768 6048 | GYRO: -277 399 -42 | GDP=487.539
FLEX: 1893 2480 2726 2884 2829 | ACC: -640 15352 7692 | GYRO: -519 -713 592 | GDP=1062.165
FLEX: 1902 2478 2651 2852 2814 | ACC: 496 14760 7928 | GYRO: -21 -47 120 | GDP=130.576
FLEX: 1879 2455 2737 2832 2780 | ACC: -168 15164 7848 | GYRO: 638 541 -254 | GDP=874.209
FLEX: 1737 2475 2677 2863 2807 | ACC: -60 14920 7600 | GYRO: 505 208 19 | GDP=546.489
FLEX: 1747 2453 2726 2828 2858 | ACC: 788 14568 7900 | GYRO: 885 -631 42 | GDP=1087.727
FLEX: 1724 2459 2649 2832 2832 | ACC: -268 14976 8196 | GYRO: 1610 592 -960 | GDP=1965.748
FLEX: 1751 2459 2740 2839 2793 | ACC: 480 14900 7380 | GYRO: 2059 365 -1166 | GDP=2394.214
FLEX: 1760 2480 2634 2842 2804 | ACC: -1316 15112 6712 | GYRO: 2245 1839 -1564 | GDP=3296.671
FLEX: 1758 2450 2741 2853 2826 | ACC: -916 15000 6380 | GYRO: 1641 668 -700 | GDP=1905.021
FLEX: 1744 2467 2662 2885 2834 | ACC: -1916 15412 6344 | GYRO: 1256 810 -128 | GDP=1500.007
FLEX: 1744 2442 2725 2841 2802 | ACC: -980 15076 6656 | GYRO: 1106 126 453 | GDP=1201.799
FLEX: 1735 2465 2659 2795 2832 | ACC: -688 15036 6692 | GYRO: 1168 384 259 | GDP=1256.488
FLEX: 1724 2462 2738 2815 2800 | ACC: -316 15000 6388 | GYRO: 1248 662 121 | GDP=1417.882
FLEX: 1723 2480 2687 2817 2819 | ACC: -504 15076 6252 | GYRO: 875 186 263 | GDP=932.411
FLEX: 1727 2475 2711 2849 2813 | ACC: -444 14852 6064 | GYRO: 362 -92 117 | GDP=391.404
FLEX: 1737 2442 2660 2848 2806 | ACC: -632 15244 6412 | GYRO: -13 -266 25 | GDP=267.488
FLEX: 1737 2464 2694 2863 2807 | ACC: -336 15140 7160 | GYRO: 222 -359 -82 | GDP=429.987
FLEX: 1725 2467 2626 2823 2793 | ACC: -704 15344 6824 | GYRO: 650 -11 -327 | GDP=727.702
FLEX: 1712 2476 2693 2832 2791 | ACC: -712 15064 6524 | GYRO: 439 -141 -102 | GDP=472.235
FLEX: 1703 2448 2671 2851 2823 | ACC: -708 15024 6540 | GYRO: 522 -116 -6 | GDP=534.767
FLEX: 1744 2483 2689 2810 2832 | ACC: -832 15116 6520 | GYRO: 156 -235 130 | GDP=310.582
FLEX: 1743 2458 2674 2808 2784 | ACC: -596 14848 7144 | GYRO: 215 -277 239 | GDP=424.352
FLEX: 1712 2490 2711 2843 2817 | ACC: -652 15104 7068 | GYRO: 589 183 -30 | GDP=617.503
FLEX: 1712 2466 2678 2833 2774 | ACC: -388 15112 6936 | GYRO: 470 -139 33 | GDP=491.233
FLEX: 1743 2458 2722 2863 2813 | ACC: -564 15060 6848 | GYRO: 720 -10 -39 | GDP=721.125
FLEX: 1727 2479 2685 2875 2811 | ACC: -628 14944 6768 | GYRO: 663 99 -137 | GDP=684.207
FLEX: 1737 2476 2750 2833 2802 | ACC: -816 15052 6860 | GYRO: 675 -38 36 | GDP=677.027
FLEX: 1737 2482 2693 2842 2795 | ACC: -688 15188 6896 | GYRO: 666 -287 97 | GDP=731.665
FLEX: 1752 2496 2732 2890 2833 | ACC: -724 15112 6788 | GYRO: 1052 134 163 | GDP=1072.953
FLEX: 1742 2465 2689 2817 2806 | ACC: -856 15248 7012 | GYRO: 1048 -162 347 | GDP=1115.776
FLEX: 1751 2458 2709 2818 2803 | ACC: -108 15360 6756 | GYRO: 2941 -1175 447 | GDP=3198.424
FLEX: 1759 2490 2672 2870 2810 | ACC: -336 14988 6212 | GYRO: 2559 -213 10 | GDP=2567.869
FLEX: 1750 2475 2690 2896 2822 | ACC: 232 15408 4832 | GYRO: 1900 -623 -165 | GDP=2006.328
FLEX: 1829 2480 2681 2845 2801 | ACC: -72 15284 5336 | GYRO: -111 -471 58 | GDP=487.366
FLEX: 1813 2461 2710 2845 2816 | ACC: 1000 14864 6132 | GYRO: -925 -797 81 | GDP=1223.681
FLEX: 1838 2486 2653 2850 2798 | ACC: 276 15132 7128 | GYRO: -724 -67 -808 | GDP=1086.982
FLEX: 1866 2479 2689 2838 2807 | ACC: -444 15348 7076 | GYRO: -99 -365 -1167 | GDP=1226.750
FLEX: 1812 2432 2679 2845 2800 | ACC: -992 15428 7372 | GYRO: 389 140 -1393 | GDP=1453.055
FLEX: 1774 2466 2698 2840 2795 | ACC: -1832 15460 7028 | GYRO: 1165 467 -950 | GDP=1574.107
FLEX: 1759 2463 2698 2836 2777 | ACC: -1984 15620 6716 | GYRO: 1282 -110 -136 | GDP=1293.878
FLEX: 1743 2477 2704 2830 2818 | ACC: -1348 16068 6628 | GYRO: 1737 -740 1229 | GDP=2252.823
FLEX: 1746 2483 2656 2834 2767 | ACC: -272 16280 6352 | GYRO: 3233 -669 1065 | GDP=3469.016
FLEX: 1798 2429 2715 2800 2784 | ACC: -1168 18976 4232 | GYRO: 3190 -3291 3713 | GDP=5898.572
FLEX: 1843 2458 2691 2850 2758 | ACC: -204 17296 6168 | GYRO: 2233 -6267 7830 | GDP=10274.750
FLEX: 1849 2473 2647 2832 2753 | ACC: 424 14708 6508 | GYRO: -993 -8604 12674 | GDP=15350.737
FLEX: 1867 2471 2682 2855 2781 | ACC: 6844 13768 3372 | GYRO: 800 -906 5157 | GDP=5296.743
FLEX: 1830 2477 2681 2824 2800 | ACC: 4940 13188 4956 | GYRO: 1989 -396 1270 | GDP=2392.872
FLEX: 1838 2455 2711 2833 2803 | ACC: 4024 13452 4280 | GYRO: 3330 1939 -1361 | GDP=4086.679
FLEX: 1837 2450 2672 2842 2799 | ACC: 2664 12364 4548 | GYRO: 2007 801 -1753 | GDP=2782.563
FLEX: 1849 2386 2654 2945 2797 | ACC: 3936 24744 -2464 | GYRO: 1255 3952 -2529 | GDP=4856.868
FLEX: 1872 2466 2682 2814 2816 | ACC: 6076 12312 6636 | GYRO: -4178 -3842 2682 | GDP=6277.720
FLEX: 1861 2478 2507 2919 2814 | ACC: 2216 15336 7680 | GYRO: -1508 3046 -3308 | GDP=4742.894
FLEX: 1919 2474 2656 2863 2624 | ACC: 668 16552 8500 | GYRO: -702 786 -1885 | GDP=2159.589
FLEX: 1883 2452 2704 2808 2811 | ACC: 1832 15860 7980 | GYRO: 769 373 -1352 | GDP=1599.498
FLEX: 1873 2485 2640 2832 2736 | ACC: 1044 15544 7068 | GYRO: 990 278 -1003 | GDP=1436.452
FLEX: 1872 2453 2672 2800 2766 | ACC: 1456 14804 6416 | GYRO: 967 642 -629 | GDP=1320.187
FLEX: 1887 2450 2714 2832 2843 | ACC: 2164 14816 6356 | GYRO: 401 183 -364 | GDP=571.652
FLEX: 1891 2441 2678 2858 2839 | ACC: 1292 15408 6380 | GYRO: 934 536 -673 | GDP=1269.874
FLEX: 1871 2448 2632 2854 2829 | ACC: 1340 15308 5924 | GYRO: 496 342 -577 | GDP=834.212
FLEX: 1894 2508 2747 2758 2843 | ACC: 1576 15172 6244 | GYRO: 266 101 144 | GDP=318.893
FLEX: 1885 2460 2603 2709 2855 | ACC: 1288 15336 6440 | GYRO: 340 109 87 | GDP=367.491
FLEX: 1875 2448 2745 2768 2806 | ACC: 2044 15260 6252 | GYRO: 77 875 -110 | GDP=885.242
FLEX: 1892 2523 2689 2801 2782 | ACC: 1332 15436 6516 | GYRO: 485 136 280 | GDP=576.299
FLEX: 1899 2466 2704 2867 2808 | ACC: 1008 16084 7064 | GYRO: 873 95 1323 | GDP=1587.918
FLEX: 1885 2477 2640 2931 2835 | ACC: 1240 15652 7312 | GYRO: 1717 -290 1739 | GDP=2460.957
FLEX: 1856 2480 2722 2911 2807 | ACC: 3308 14936 5560 | GYRO: 2066 -424 844 | GDP=2271.666
FLEX: 1803 2474 2637 2850 2797 | ACC: 4444 14228 4808 | GYRO: 1341 -445 430 | GDP=1476.891
FLEX: 1840 2475 2730 2834 2827 | ACC: 4388 13384 4484 | GYRO: 513 -25 -1727 | GDP=1801.755
FLEX: 1845 2459 2644 2847 2785 | ACC: 3612 13252 4964 | GYRO: -1586 24 -2906 | GDP=3310.711
FLEX: 1872 2442 2679 2850 2830 | ACC: 2308 14932 6772 | GYRO: -2972 -605 -3553 | GDP=4671.468
FLEX: 1840 2456 2646 2879 2826 | ACC: -76 15564 9364 | GYRO: -1707 -467 -3125 | GDP=3591.318
FLEX: 1861 2479 2720 2896 2849 | ACC: -1500 16636 9552 | GYRO: -42 -649 -1675 | GDP=1796.828
FLEX: 1856 2494 2640 2893 2855 | ACC: -1044 16020 8188 | GYRO: 1686 385 -853 | GDP=1928.323
FLEX: 1873 2467 2751 2911 2864 | ACC: 16 14832 7128 | GYRO: 1892 304 75 | GDP=1917.734
FLEX: 1855 2445 2639 2891 2859 | ACC: 876 14756 6232 | GYRO: 1511 348 221 | GDP=1566.227
FLEX: 1875 2468 2737 2909 2857 | ACC: 1228 14240 6388 | GYRO: 783 134 104 | GDP=801.162
FLEX: 1870 2493 2629 2887 2832 | ACC: 1340 14868 6372 | GYRO: 547 -150 -269 | GDP=627.750
FLEX: 1867 2435 2733 2877 2821 | ACC: 928 15032 6584 | GYRO: 126 452 -778 | GDP=908.550
FLEX: 1883 2477 2650 2865 2855 | ACC: 788 15296 6676 | GYRO: 414 92 -473 | GDP=635.287
FLEX: 1872 2491 2756 2879 2849 | ACC: 100 15356 7124 | GYRO: 381 103 -149 | GDP=421.866
FLEX: 1872 2453 2622 2874 2832 | ACC: 264 15300 7084 | GYRO: 484 177 37 | GDP=516.676
FLEX: 1918 2439 2766 2923 2833 | ACC: 592 15436 6932 | GYRO: 438 -141 337 | GDP=570.346
FLEX: 1893 2486 2617 2885 2845 | ACC: -76 15164 7952 | GYRO: -471 416 407 | GDP=748.696
FLEX: 1873 2469 2749 2896 2817 | ACC: 232 14732 8552 | GYRO: -263 299 437 | GDP=591.218
FLEX: 1872 2462 2704 2841 2834 | ACC: -244 14464 8140 | GYRO: -2099 2746 -771 | GDP=3541.293
FLEX: 1903 2462 2768 2843 2814 | ACC: 744 9348 10548 | GYRO: -1081 -943 508 | GDP=1521.800
FLEX: 1808 2473 2691 2896 2836 | ACC: 1992 14888 5004 | GYRO: 698 3989 -3057 | GDP=5073.911
FLEX: 1840 2481 2746 2851 2813 | ACC: 1216 18916 5348 | GYRO: -1681 -1982 -313 | GDP=2617.643
FLEX: 1781 2454 2671 2820 2817 | ACC: 2592 14668 6544 | GYRO: -3342 1552 -2524 | GDP=4466.346
FLEX: 1816 2461 2758 2832 2793 | ACC: -3820 12716 10128 | GYRO: -2127 4048 -1433 | GDP=4792.068
FLEX: 1811 2479 2768 2813 2764 | ACC: -168 15392 7348 | GYRO: -2047 -556 350 | GDP=2149.848
FLEX: 1810 2451 2754 2845 2835 | ACC: 1020 13692 7592 | GYRO: 1428 87 -176 | GDP=1441.433
FLEX: 1823 2509 2685 2795 2812 | ACC: -600 14324 8312 | GYRO: 166 2480 -550 | GDP=2545.674
FLEX: 1833 2480 2735 2816 2789 | ACC: -92 13852 8852 | GYRO: 67 653 -60 | GDP=659.165
FLEX: 1861 2480 2657 2812 2822 | ACC: -328 14664 8792 | GYRO: 7 -106 -82 | GDP=134.198
FLEX: 1805 2447 2727 2862 2822 | ACC: 12 14212 9624 | GYRO: 337 -410 11 | GDP=530.839
FLEX: 1776 2457 2672 2818 2863 | ACC: -1108 14468 9420 | GYRO: 1152 599 -317 | GDP=1336.561
FLEX: 1793 2463 2742 2825 2832 | ACC: -804 14216 9132 | GYRO: 1608 -354 360 | GDP=1685.402
FLEX: 1787 2454 2647 2818 2828 | ACC: -744 14272 8828 | GYRO: 2012 1179 -102 | GDP=2334.221
FLEX: 1771 2481 2719 2767 2845 | ACC: -20 13908 8616 | GYRO: 2258 193 166 | GDP=2272.305
FLEX: 1727 2450 2608 2819 2854 | ACC: -380 14572 8032 | GYRO: 2157 990 -816 | GDP=2509.702
FLEX: 1740 2471 2717 2839 2845 | ACC: -684 14508 7664 | GYRO: 1626 774 -589 | GDP=1894.696
FLEX: 1734 2470 2640 2821 2889 | ACC: -1332 14504 7672 | GYRO: 1178 312 -41 | GDP=1219.307
