# label=Two
# timestamp=1763139215.447394
# format: FLEX: f1 f2 f3 f4 f5 | ACC: ax ay az | GYRO: gx gy gz | GDP=val
FLEX: 2675 0 2160 2339 2149 | ACC: -8976 6084 14812 | GYRO: 945 2903 -1343 | GDP=3335.279
FLEX: 2689 0 2167 2765 2944 | ACC: -8200 5812 12980 | GYRO: 484 1142 -285 | GDP=1272.653
FLEX: 2672 0 2157 2354 2158 | ACC: -8060 5784 12548 | GYRO: -44 60 407 | GDP=413.745
FLEX: 2690 0 2147 2769 2963 | ACC: -8532 5428 12716 | GYRO: -1042 3229 726 | GDP=3469.767
FLEX: 2670 0 2149 2314 2115 | ACC: -8588 4800 13816 | GYRO: -537 -1639 607 | GDP=1828.425
FLEX: 2673 0 2174 2791 2945 | ACC: -7984 5544 13392 | GYRO: -364 -1332 357 | GDP=1426.243
FLEX: 2653 0 2183 2337 2099 | ACC: -7512 4960 13520 | GYRO: -225 -1035 337 | GDP=1111.494
FLEX: 2671 0 2165 2623 2917 | ACC: -8232 5496 14552 | GYRO: -106 -1196 478 | GDP=1292.337
FLEX: 2676 0 2130 2322 2138 | ACC: -6848 4432 16884 | GYRO: 1776 -3471 258 | GDP=3907.503
FLEX: 2723 0 2127 2719 2834 | ACC: -5468 5588 15296 | GYRO: 4238 -167 -1015 | GDP=4361.050
FLEX: 2634 0 2115 2289 2115 | ACC: -7328 5904 14192 | GYRO: 4670 58 -125 | GDP=4672.033
FLEX: 2715 0 2139 2747 2864 | ACC: -8224 5940 12548 | GYRO: 4880 -6499 115 | GDP=8128.015
FLEX: 2692 0 2067 2370 2080 | ACC: -6820 6944 10316 | GYRO: 2277 -7569 -895 | GDP=7954.591
FLEX: 2677 0 2174 2710 2854 | ACC: -6672 7072 10784 | GYRO: -42 527 -639 | GDP=829.346
FLEX: 2689 0 2181 2436 2193 | ACC: -7720 6164 14772 | GYRO: -1183 -220 433 | GDP=1278.819
FLEX: 2663 0 2148 2709 2796 | ACC: -5612 6180 13644 | GYRO: -938 479 589 | GDP=1206.734
FLEX: 2691 0 2161 2448 2230 | ACC: -6416 5528 15472 | GYRO: -295 433 220 | GDP=568.255
FLEX: 2682 0 2161 2658 2704 | ACC: -5948 5808 15148 | GYRO: 1634 -1345 -267 | GDP=2133.136
FLEX: 2677 0 2166 2427 2265 | ACC: -5608 6144 13708 | GYRO: 1915 265 -918 | GDP=2140.134
FLEX: 2682 0 2148 2661 2637 | ACC: -6608 6564 13144 | GYRO: 1057 1358 -800 | GDP=1897.739
FLEX: 2652 0 2145 2442 2323 | ACC: -6704 6892 13160 | GYRO: 268 -291 -261 | GDP=473.947
FLEX: 2671 0 2189 2634 2641 | ACC: -6720 6244 14152 | GYRO: -667 -1089 434 | GDP=1348.765
FLEX: 2693 0 2139 2448 2349 | ACC: -5800 5632 14204 | GYRO: -180 -1304 463 | GDP=1395.416
FLEX: 2656 0 2145 2593 2631 | ACC: -6096 5732 13812 | GYRO: -52 66 -59 | GDP=102.669
FLEX: 2665 0 2162 2480 2410 | ACC: -6752 5824 13968 | GYRO: -186 -65 427 | GDP=470.266
FLEX: 2671 0 2162 2559 2594 | ACC: -6548 5736 14168 | GYRO: 256 -752 46 | GDP=795.711
FLEX: 2686 0 2173 2495 2418 | ACC: -6516 5828 14180 | GYRO: -174 -1252 678 | GDP=1434.386
FLEX: 2683 0 2163 2531 2495 | ACC: -5784 5744 14468 | GYRO: -142 -2161 571 | GDP=2239.671
FLEX: 2685 0 2160 2526 2462 | ACC: -5480 5920 14372 | GYRO: -336 -2188 213 | GDP=2223.873
FLEX: 2683 0 2159 2503 2451 | ACC: -5020 5604 14672 | GYRO: -207 -1938 281 | GDP=1969.176
FLEX: 2687 0 2172 2541 2470 | ACC: -5020 5900 14832 | GYRO: -367 -1625 113 | GDP=1669.755
FLEX: 2678 0 2147 2500 2431 | ACC: -4972 5512 14500 | GYRO: -1827 -1665 1396 | GDP=2838.833
FLEX: 2709 0 2144 2627 2553 | ACC: -4860 5360 15540 | GYRO: -372 -1827 1015 | GDP=2122.861
FLEX: 2703 0 2128 2495 2365 | ACC: -4376 5108 14608 | GYRO: 623 -1193 1090 | GDP=1731.900
FLEX: 2689 0 2143 2609 2591 | ACC: -4236 5032 15180 | GYRO: 758 -1018 -162 | GDP=1279.505
FLEX: 2679 0 2131 2525 2311 | ACC: -3956 5400 14392 | GYRO: 321 1731 1630 | GDP=2399.229
FLEX: 2683 0 2160 2635 2624 | ACC: -4856 5716 14956 | GYRO: 859 2624 850 | GDP=2888.902
FLEX: 2698 0 2173 2490 2335 | ACC: -4852 5020 14944 | GYRO: -881 1797 2725 | GDP=3380.975
FLEX: 2699 0 2155 2639 2640 | ACC: -5280 5344 15740 | GYRO: 716 -155 293 | GDP=789.006
FLEX: 2675 0 2182 2439 2286 | ACC: -4672 5060 14832 | GYRO: 1014 6443 1744 | GDP=6751.443
FLEX: 2711 0 2172 2672 2691 | ACC: -7196 5272 15908 | GYRO: 2017 10333 2801 | GDP=10894.254
FLEX: 2683 0 2154 2397 2257 | ACC: -8820 5712 15368 | GYRO: 3990 12808 5294 | GDP=14421.906
FLEX: 2690 0 2157 2730 2821 | ACC: -10248 6492 13652 | GYRO: 5012 16991 8273 | GDP=19551.387
FLEX: 2678 0 2158 2411 2254 | ACC: -11760 8508 11204 | GYRO: 6623 28523 9726 | GDP=30854.834
FLEX: 2718 0 2163 2691 2791 | ACC: -16580 11760 10600 | GYRO: 4934 26741 12425 | GDP=29896.590
FLEX: 2672 0 2179 2386 2226 | ACC: -13344 11452 9000 | GYRO: 1359 6052 13638 | GDP=14982.277
FLEX: 2703 0 2160 2704 2773 | ACC: -9800 10872 7416 | GYRO: -1091 9184 13486 | GDP=16352.625
FLEX: 2672 0 2163 2383 2192 | ACC: -9684 10800 7948 | GYRO: -281 7292 11957 | GDP=14007.929
FLEX: 2703 0 2170 2707 2835 | ACC: -7204 11332 5832 | GYRO: 357 2951 13175 | GDP=13506.164
FLEX: 2656 0 2142 2357 2192 | ACC: -9192 10980 9116 | GYRO: 2312 6852 11958 | GDP=13974.584
FLEX: 2688 0 2155 2767 2880 | ACC: -4680 10056 5104 | GYRO: 1577 -6427 11454 | GDP=13228.279
FLEX: 2673 0 2153 2369 2165 | ACC: -3392 10728 5832 | GYRO: 2350 -5900 8902 | GDP=10935.178
FLEX: 2679 0 2174 2747 2871 | ACC: -5908 9476 10076 | GYRO: 4333 -8789 5883 | GDP=11429.396
FLEX: 2651 0 2160 2359 2153 | ACC: -8620 10072 6592 | GYRO: 5074 -32768 6141 | GDP=33722.383
FLEX: 2666 2032 2144 2735 2896 | ACC: -26592 30032 -7560 | GYRO: 8948 -32768 12857 | GDP=36319.566
FLEX: 2672 2000 2128 2350 2112 | ACC: 29632 8388 -30876 | GYRO: -2976 -32768 15407 | GDP=36331.445
FLEX: 2687 0 2155 2752 2892 | ACC: 1460 15488 13640 | GYRO: -4060 6210 3385 | GDP=8155.116
FLEX: 2647 0 2163 2348 2141 | ACC: 14904 11780 1040 | GYRO: -5680 -10362 6970 | GDP=13719.123
FLEX: 2666 0 2160 2736 2939 | ACC: 8632 13984 8132 | GYRO: -1639 8685 1018 | GDP=8896.733
FLEX: 2650 0 2150 2323 2093 | ACC: 9812 13424 7700 | GYRO: -1835 -3200 1614 | GDP=4026.440
FLEX: 2672 0 2165 2765 2871 | ACC: 10544 12848 6852 | GYRO: 2264 6350 -928 | GDP=6805.100
FLEX: 2670 0 2159 2339 2122 | ACC: 9704 13388 6348 | GYRO: 2281 4667 -1779 | GDP=5490.782
FLEX: 2679 0 2160 2758 2867 | ACC: 9932 12160 5116 | GYRO: 3141 22017 -4915 | GDP=22776.553
FLEX: 2641 0 2146 2375 2160 | ACC: 3400 14732 9612 | GYRO: 2730 11950 -2313 | GDP=12474.188
FLEX: 2704 0 2161 2730 2874 | ACC: 2040 12124 7956 | GYRO: 4154 31822 -3529 | GDP=32285.434
FLEX: 2646 0 2160 2392 2139 | ACC: 7844 14444 2324 | GYRO: 1734 7531 2472 | GDP=8113.785
FLEX: 2661 0 2146 2803 2982 | ACC: 2704 14208 7856 | GYRO: 5581 24873 -2180 | GDP=25584.488
FLEX: 2655 0 2167 2386 2199 | ACC: 2148 14944 5324 | GYRO: 3087 24034 -506 | GDP=24236.725
FLEX: 2662 0 2199 2811 2866 | ACC: -244 14212 8364 | GYRO: 4276 16261 -1492 | GDP=16879.881
FLEX: 2643 0 2130 2372 2158 | ACC: 1616 14536 3928 | GYRO: 1436 16823 -1994 | GDP=17001.514
FLEX: 2676 0 2169 2766 2865 | ACC: -2112 14732 7892 | GYRO: 3109 10197 -3175 | GDP=11123.188
FLEX: 2638 0 2162 2405 2222 | ACC: -1708 14688 4280 | GYRO: 897 16528 -2599 | GDP=16755.125
FLEX: 2688 0 2182 2729 2847 | ACC: -6204 15280 7572 | GYRO: 3391 13516 -2128 | GDP=14096.437
FLEX: 2653 0 2175 2417 2206 | ACC: -3628 14184 4736 | GYRO: 889 7919 -1114 | GDP=8046.234
FLEX: 2661 0 2155 2713 2800 | ACC: -5660 15056 6200 | GYRO: 1838 8532 -1129 | GDP=8800.449
FLEX: 2665 0 2171 2478 2248 | ACC: -6688 15296 5664 | GYRO: 1395 2983 61 | GDP=3293.635
FLEX: 2656 0 2123 2665 2763 | ACC: -6140 14920 5304 | GYRO: 1642 -1416 858 | GDP=2331.820
FLEX: 2640 0 2163 2445 2275 | ACC: -3596 15040 3808 | GYRO: 576 -3422 1634 | GDP=3835.599
FLEX: 2607 0 2145 2638 2759 | ACC: -3864 15096 4980 | GYRO: 980 2910 1036 | GDP=3240.647
FLEX: 2639 0 2153 2460 2331 | ACC: -2456 15056 2232 | GYRO: -106 7111 999 | GDP=7181.612
FLEX: 2635 0 2160 2606 2666 | ACC: -5260 15060 5532 | GYRO: 714 4243 306 | GDP=4313.523
FLEX: 2627 0 2143 2463 2379 | ACC: -3516 14988 4316 | GYRO: 294 8037 612 | GDP=8065.627
FLEX: 2612 0 2192 2637 2629 | ACC: -3808 14864 4748 | GYRO: 1517 10134 85 | GDP=10247.267
FLEX: 2633 0 2162 2500 2389 | ACC: -2388 13812 2464 | GYRO: 2638 20800 -1839 | GDP=21047.113
FLEX: 2633 0 2157 2645 2592 | ACC: -5500 14976 3080 | GYRO: 4823 17090 -2909 | GDP=17994.213
FLEX: 2645 0 2150 2519 2403 | ACC: -7080 15032 2200 | GYRO: 4436 17009 -3626 | GDP=17948.037
FLEX: 2632 2018 2151 2559 2525 | ACC: -9704 15268 2536 | GYRO: 3692 5948 -2302 | GDP=7369.449
FLEX: 2631 2058 2163 2483 2400 | ACC: -7668 15260 -1120 | GYRO: 1705 -5813 -696 | GDP=6097.738
FLEX: 2643 2038 2160 2497 2474 | ACC: -7396 14964 -764 | GYRO: 1129 -815 -1090 | GDP=1768.323
FLEX: 2655 2029 2147 2507 2448 | ACC: -9052 14992 712 | GYRO: -747 -2699 -24 | GDP=2800.569
FLEX: 2666 2063 2160 2521 2433 | ACC: -7144 14684 -200 | GYRO: -792 -1680 366 | GDP=1893.045
FLEX: 2649 2066 2145 2541 2493 | ACC: -8480 14940 1836 | GYRO: -4 -5357 675 | GDP=5399.360
FLEX: 2643 2061 2159 2495 2417 | ACC: -5856 14736 580 | GYRO: 351 -1006 967 | GDP=1438.863
FLEX: 2650 0 2165 2595 2522 | ACC: -6772 14388 1836 | GYRO: 334 -3324 533 | GDP=3382.990
FLEX: 2654 0 2149 2477 2366 | ACC: -5704 14380 932 | GYRO: 490 500 -301 | GDP=762.037
FLEX: 2672 0 2155 2608 2557 | ACC: -6800 15020 1892 | GYRO: 324 -3795 -223 | GDP=3815.328
FLEX: 2644 0 2129 2449 2359 | ACC: -6696 14448 2272 | GYRO: 1083 -891 -374 | GDP=1451.429
FLEX: 2638 0 2148 2640 2618 | ACC: -6508 14848 1572 | GYRO: 1317 -2409 -662 | GDP=2824.184
FLEX: 2618 0 2147 2446 2288 | ACC: -6696 14688 1404 | GYRO: 954 -1123 -1036 | GDP=1801.261
FLEX: 2672 0 2148 2657 2656 | ACC: -7644 15088 1936 | GYRO: 643 -1902 -518 | GDP=2073.494
FLEX: 2640 0 2141 2431 2263 | ACC: -7360 14476 1660 | GYRO: 1366 -128 -358 | GDP=1417.922
FLEX: 2695 0 2138 2649 2709 | ACC: -7220 14636 1468 | GYRO: 481 -770 -340 | GDP=969.464
FLEX: 2650 0 2129 2434 2242 | ACC: -6464 15080 840 | GYRO: 370 -1732 -237 | GDP=1786.867
FLEX: 2669 0 2148 2622 2749 | ACC: -7500 14656 2576 | GYRO: -262 -1810 -252 | GDP=1846.144
FLEX: 2640 2064 2128 2384 2203 | ACC: -7900 14384 3580 | GYRO: 856 -10343 -1814 | GDP=10535.700
FLEX: 2677 2077 2196 2684 2746 | ACC: -5648 14500 556 | GYRO: 314 -19040 -4389 | GDP=19541.840
FLEX: 2624 2030 2147 2371 2171 | ACC: -8628 14616 5360 | GYRO: -102 -8087 -2429 | GDP=8444.525
FLEX: 2641 2114 2160 2691 2815 | ACC: -3696 13688 912 | GYRO: -1939 -12298 -3380 | GDP=12900.578
FLEX: 2646 2007 2151 2369 2150 | ACC: -7580 14296 4372 | GYRO: 717 1748 -2660 | GDP=3262.697
FLEX: 2654 1999 2163 2709 2833 | ACC: -8132 13496 5376 | GYRO: 622 -7957 -20 | GDP=7981.299
FLEX: 2643 1958 2135 2325 2119 | ACC: -6668 13660 4084 | GYRO: 581 99 386 | GDP=704.527
FLEX: 2659 0 2154 2730 2835 | ACC: -7860 13384 6052 | GYRO: 1466 -2138 -448 | GDP=2630.761
FLEX: 2640 0 2147 2326 2120 | ACC: -7048 13936 4608 | GYRO: 969 572 -5 | GDP=1125.242
FLEX: 2658 0 2141 2706 2898 | ACC: -7336 13876 5096 | GYRO: 1437 -1348 -142 | GDP=1975.408
FLEX: 2640 0 2127 2322 2087 | ACC: -7008 13812 4752 | GYRO: 195 1284 6 | GDP=1298.737
FLEX: 2651 0 2154 2767 2930 | ACC: -7112 14012 4604 | GYRO: 746 -1514 -888 | GDP=1907.159
FLEX: 2624 0 2123 2325 2083 | ACC: -6828 13976 4860 | GYRO: -170 182 -373 | GDP=448.501
FLEX: 2674 0 2137 2758 2881 | ACC: -7364 13984 5248 | GYRO: 864 -1301 -493 | GDP=1637.726
FLEX: 2665 0 2157 2320 2096 | ACC: -7052 13468 5064 | GYRO: 483 -1029 -834 | GDP=1409.853
FLEX: 2675 0 2144 2768 2926 | ACC: -8692 13792 6516 | GYRO: 475 -5475 -2150 | GDP=5901.165
FLEX: 2653 0 2135 2279 2081 | ACC: -13040 12608 9860 | GYRO: -2021 -32768 -9990 | GDP=34316.563
FLEX: 2690 0 2143 2753 2959 | ACC: -11852 12992 5320 | GYRO: -1277 -32768 -9089 | GDP=34029.141
FLEX: 2678 1939 2145 2320 2033 | ACC: -2596 16124 -1608 | GYRO: -8724 -32768 -7991 | GDP=34838.285
FLEX: 2697 0 2181 2740 2979 | ACC: 11028 13984 248 | GYRO: -10814 -19544 -2337 | GDP=22458.230
FLEX: 2675 0 2126 2295 2064 | ACC: 1756 8920 16788 | GYRO: -10386 -8122 1062 | GDP=13227.385
FLEX: 2672 0 2128 2752 2928 | ACC: 5912 8356 14212 | GYRO: -3176 -3924 238 | GDP=5053.850
FLEX: 2650 0 2139 2307 2032 | ACC: 1824 8268 17116 | GYRO: -1784 -1456 180 | GDP=2309.760
FLEX: 2698 0 2150 2738 2970 | ACC: 5332 9636 12336 | GYRO: 341 -4148 -342 | GDP=4176.021
FLEX: 2643 0 2118 2297 2069 | ACC: 4832 9828 11240 | GYRO: -1569 4882 1777 | GDP=5427.100
FLEX: 2688 0 2191 2727 2953 | ACC: 1832 8356 14700 | GYRO: -2336 5492 428 | GDP=5983.489
FLEX: 2650 0 2127 2284 2103 | ACC: 5976 9944 10160 | GYRO: -8363 -5880 -2320 | GDP=10483.156
FLEX: 2733 1947 2123 2736 2873 | ACC: 3792 6896 12540 | GYRO: -21439 1143 -2891 | GDP=21663.219
FLEX: 2616 1965 2147 2343 2081 | ACC: 1080 4172 15572 | GYRO: -32768 -18744 719 | GDP=37757.070
FLEX: 2594 1963 2157 2751 2911 | ACC: 7244 1136 18576 | GYRO: -4253 4204 2757 | GDP=6585.034
FLEX: 2559 1965 2128 2269 2098 | ACC: 6168 12 18044 | GYRO: -5812 -1899 -167 | GDP=6116.652
FLEX: 2640 2035 2129 2730 2846 | ACC: 4892 500 17596 | GYRO: 2744 715 -291 | GDP=2850.516
FLEX: 2559 2026 2166 2321 2128 | ACC: 5288 1240 16132 | GYRO: 120 -1153 -708 | GDP=1358.335
FLEX: 2594 2063 2145 2661 2807 | ACC: 4808 2696 14812 | GYRO: 1720 1211 733 | GDP=2227.602
FLEX: 2597 2063 2149 2344 2163 | ACC: 5492 1420 15752 | GYRO: -733 -22 -321 | GDP=800.509
FLEX: 2559 2105 2157 2686 2759 | ACC: 5336 2284 15584 | GYRO: 1779 1064 -1079 | GDP=2336.916
FLEX: 2547 2120 2129 2371 2211 | ACC: 5048 1960 16072 | GYRO: 374 -290 -665 | GDP=816.211
FLEX: 2559 2129 2157 2639 2736 | ACC: 4576 2328 15764 | GYRO: 979 404 508 | GDP=1174.615
FLEX: 2557 2165 2162 2365 2214 | ACC: 4852 1788 15788 | GYRO: -971 898 -498 | GDP=1413.241
FLEX: 2559 2126 2152 2559 2709 | ACC: 5076 2552 15072 | GYRO: -972 502 774 | GDP=1340.099
FLEX: 2585 2153 2135 2407 2277 | ACC: 5036 1408 16688 | GYRO: -966 422 -184 | GDP=1070.092
FLEX: 2557 2145 2127 2559 2644 | ACC: 5808 1616 15444 | GYRO: 878 1285 528 | GDP=1643.439
FLEX: 2559 2127 2166 2426 2323 | ACC: 4808 960 15916 | GYRO: 95 -863 -1079 | GDP=1384.931
FLEX: 2587 2151 2162 2559 2559 | ACC: 5508 2620 15104 | GYRO: 1622 3722 2312 | GDP=4672.207
FLEX: 2608 2160 2155 2470 2351 | ACC: 2608 24 18308 | GYRO: 977 620 -382 | GDP=1218.545
FLEX: 2637 2128 2134 2549 2559 | ACC: 5256 3020 13476 | GYRO: -818 4712 1473 | GDP=5004.178
FLEX: 2624 2161 2144 2422 2384 | ACC: 2012 -1232 18904 | GYRO: -2440 12125 6046 | GDP=13766.748
FLEX: 2610 2174 2162 2490 2487 | ACC: 4708 1692 15152 | GYRO: -2086 2253 1168 | GDP=3285.062
FLEX: 2608 2222 2157 2487 2399 | ACC: 1488 936 16248 | GYRO: -337 12209 7036 | GDP=14095.338
FLEX: 2622 2171 2147 2473 2436 | ACC: 1224 984 16156 | GYRO: 995 14061 9643 | GDP=17078.912
FLEX: 2634 2197 2169 2501 2442 | ACC: -1548 36 17316 | GYRO: 2054 17091 9344 | GDP=19586.514
FLEX: 2624 2163 2159 2486 2361 | ACC: -1660 1152 15404 | GYRO: 4402 15952 8028 | GDP=18392.734
FLEX: 2661 2176 2179 2538 2496 | ACC: -4472 1376 14648 | GYRO: 1573 17319 8584 | GDP=19393.482
FLEX: 2658 2155 2160 2453 2358 | ACC: -7320 1968 15924 | GYRO: 2166 15084 7454 | GDP=16964.102
FLEX: 2692 0 2156 2509 2487 | ACC: -4596 1660 13308 | GYRO: 1565 16714 10500 | GDP=19800.430
FLEX: 2696 0 2149 2425 2336 | ACC: -9860 2432 15224 | GYRO: 3364 9577 7925 | GDP=12877.929
FLEX: 2713 0 2151 2519 2559 | ACC: -7724 3352 10900 | GYRO: 4501 16699 10464 | GDP=20214.127
FLEX: 2737 0 2153 2475 2306 | ACC: -12164 4520 12752 | GYRO: 2524 10854 5443 | GDP=12401.860
FLEX: 2736 0 2170 2559 2544 | ACC: -10252 6532 8092 | GYRO: 4611 14020 9883 | GDP=17762.191
FLEX: 2704 0 2139 2490 2227 | ACC: -13208 5244 11176 | GYRO: 3311 17682 10159 | GDP=20659.650
FLEX: 2719 0 2147 2535 2633 | ACC: -12752 7264 8260 | GYRO: 4243 8723 7014 | GDP=11970.379
FLEX: 2684 0 2160 2455 2268 | ACC: -11784 8344 6252 | GYRO: 4797 11443 8202 | GDP=14873.677
FLEX: 2716 0 2156 2661 2634 | ACC: -13268 8420 6356 | GYRO: 3579 13936 8899 | GDP=16917.846
FLEX: 2690 0 2161 2426 2251 | ACC: -11988 9348 5288 | GYRO: 3606 8851 7493 | GDP=12144.484
FLEX: 2704 2160 2182 2639 2710 | ACC: -11920 9992 5008 | GYRO: 2532 8150 6278 | GDP=10594.659
FLEX: 2656 2138 2131 2390 2219 | ACC: -13544 13336 6900 | GYRO: 5683 -866 3593 | GDP=6779.092
FLEX: 2689 2117 2177 2640 2779 | ACC: -11536 11856 4356 | GYRO: 5712 1883 5797 | GDP=8353.313
FLEX: 2665 2128 2186 2399 2143 | ACC: -9496 11156 288 | GYRO: 8101 6686 9155 | GDP=13933.515
FLEX: 2700 2127 2171 2641 2795 | ACC: -8836 11556 -928 | GYRO: 5064 6632 5676 | GDP=10091.804
FLEX: 2671 2107 2174 2368 2165 | ACC: -10796 12164 -840 | GYRO: 4050 5281 3587 | GDP=7560.293
FLEX: 2689 2115 2204 2659 2822 | ACC: -11796 12360 -1420 | GYRO: 3462 2063 2654 | GDP=4825.467
FLEX: 2657 2121 2167 2398 2096 | ACC: -13536 12412 100 | GYRO: 3591 -263 3719 | GDP=5176.429
FLEX: 2713 2142 2193 2672 2862 | ACC: -12444 12924 -596 | GYRO: 3672 -2876 3972 | GDP=6126.316
FLEX: 2671 2107 2167 2369 2107 | ACC: -11988 13392 308 | GYRO: 2950 -4771 4898 | GDP=7446.834
FLEX: 2688 2117 2155 2708 2864 | ACC: -9376 13716 -804 | GYRO: 3049 -4816 6085 | GDP=8337.714
FLEX: 2672 2131 2163 2355 2095 | ACC: -8080 13612 -852 | GYRO: 3115 -5160 5745 | GDP=8326.695
FLEX: 2695 2101 2202 2714 2877 | ACC: -6560 13936 -1064 | GYRO: 3362 -3280 6090 | GDP=7690.874
FLEX: 2662 2087 2160 2342 2083 | ACC: -5780 14336 -1668 | GYRO: 3807 -6275 5387 | GDP=9104.320
FLEX: 2681 2122 2187 2697 2891 | ACC: -4812 14496 -1928 | GYRO: 3732 -6263 4822 | GDP=8740.977
FLEX: 2639 2102 2160 2343 2087 | ACC: -5324 15016 -1804 | GYRO: 3169 -2250 4773 | GDP=6155.208
FLEX: 2661 2086 2162 2667 2934 | ACC: -7040 15136 -40 | GYRO: 4459 -3706 4956 | GDP=7627.520
FLEX: 2672 2122 2176 2378 2046 | ACC: -5588 15704 -2500 | GYRO: 4634 -1860 7399 | GDP=8926.296
FLEX: 2692 2104 2160 2697 2923 | ACC: -5900 16264 -2572 | GYRO: 4555 -4906 8526 | GDP=10840.182
FLEX: 2669 2109 2159 2342 2053 | ACC: -2916 16368 -4844 | GYRO: 1707 -5544 8386 | GDP=10196.803
FLEX: 2692 2124 2171 2703 2933 | ACC: -1344 16232 -5448 | GYRO: -466 -5602 8235 | GDP=9970.696
FLEX: 2662 2121 2164 2355 2032 | ACC: 892 16028 -4812 | GYRO: -2158 -3836 7668 | GDP=8841.385
FLEX: 2678 2106 2130 2431 2880 | ACC: 2756 16080 -4860 | GYRO: -3903 1132 6480 | GDP=7648.871
FLEX: 2650 2097 2165 2305 2032 | ACC: 2492 15460 -1704 | GYRO: -5328 -1865 3651 | GDP=6722.768
FLEX: 2693 2111 2157 2672 2947 | ACC: 2856 15920 -1048 | GYRO: -4711 160 2170 | GDP=5189.222
FLEX: 2671 2167 2198 2416 2091 | ACC: 1400 16356 -196 | GYRO: -4880 1405 1721 | GDP=5361.927
FLEX: 2675 2103 2156 2689 2975 | ACC: 1804 15912 596 | GYRO: -4589 6115 1981 | GDP=7897.880
FLEX: 2633 2071 2142 2427 1986 | ACC: 1916 15080 1968 | GYRO: -4605 3553 42 | GDP=5816.494
FLEX: 2672 2121 2195 2673 2802 | ACC: 2592 13304 1008 | GYRO: -2463 3299 -1143 | GDP=4272.730
FLEX: 2630 2139 2138 2377 2035 | ACC: -120 16640 2152 | GYRO: -2070 7058 -1536 | GDP=7513.958
FLEX: 2675 2163 2179 2637 2894 | ACC: -812 14564 3908 | GYRO: -3951 2467 -2414 | GDP=5246.321
FLEX: 2669 1987 2160 2337 2071 | ACC: -1008 15044 3760 | GYRO: -3030 3802 -2700 | GDP=5561.125
FLEX: 2633 2090 2154 2741 2840 | ACC: -1280 14308 5320 | GYRO: -3102 1379 -2666 | GDP=4316.434
FLEX: 2637 2060 2191 2383 2101 | ACC: -1800 14840 5864 | GYRO: -2594 2452 -2258 | GDP=4223.708
FLEX: 2692 2142 2159 2689 2864 | ACC: -524 14424 5572 | GYRO: -939 2491 -2141 | GDP=3416.238
FLEX: 2674 2071 2155 2378 2147 | ACC: -1356 15272 6360 | GYRO: -75 2400 -1850 | GDP=3031.192
FLEX: 2640 2122 2193 2630 2816 | ACC: -2376 14668 6148 | GYRO: -146 2647 -2614 | GDP=3723.026
FLEX: 2672 2117 2153 2399 2186 | ACC: -1660 14052 4656 | GYRO: 826 2033 -3467 | GDP=4103.103
FLEX: 2635 2087 2167 2631 2768 | ACC: -1484 13064 4992 | GYRO: 1616 2609 -3931 | GDP=4987.093
FLEX: 2654 2128 2160 2395 2180 | ACC: -2172 14440 6172 | GYRO: 2209 1834 -4705 | GDP=5511.829
FLEX: 2635 2095 2170 2628 2694 | ACC: -3388 16196 5188 | GYRO: 3891 4516 -4935 | GDP=7738.757
FLEX: 2668 2115 2150 2405 2255 | ACC: -6476 18512 3844 | GYRO: 2515 103 -4079 | GDP=4793.128
FLEX: 2641 2126 2162 2612 2651 | ACC: -7080 17904 3184 | GYRO: 2390 2334 -1549 | GDP=3682.262
FLEX: 2670 2115 2165 2389 2266 | ACC: -5596 16940 2900 | GYRO: 97 357 -25 | GDP=370.787
FLEX: 2638 2109 2160 2587 2651 | ACC: -4828 15824 3928 | GYRO: 461 387 642 | GDP=880.031
FLEX: 2678 2099 2158 2427 2307 | ACC: -4152 15368 3548 | GYRO: -373 1513 1074 | GDP=1892.557
FLEX: 2671 2092 2192 2559 2608 | ACC: -4392 15168 4016 | GYRO: 459 575 510 | GDP=895.213
FLEX: 2643 2110 2169 2461 2356 | ACC: -4008 15412 3504 | GYRO: 305 795 816 | GDP=1179.367
FLEX: 2655 2096 2153 2510 2587 | ACC: -4424 15232 4004 | GYRO: 1010 375 629 | GDP=1247.544
FLEX: 2651 2099 2150 2484 2336 | ACC: -3412 15040 3232 | GYRO: 1058 151 117 | GDP=1075.107
FLEX: 2656 2081 2160 2543 2496 | ACC: -4556 15224 3924 | GYRO: 1319 -16 -477 | GDP=1402.692
FLEX: 2640 2097 2189 2542 2369 | ACC: -4072 14620 3096 | GYRO: 1146 654 -556 | GDP=1431.841
FLEX: 2659 2111 2146 2482 2490 | ACC: -4140 15096 996 | GYRO: 1578 -72 -837 | GDP=1787.690
FLEX: 2660 2112 2189 2522 2438 | ACC: -860 15556 -4472 | GYRO: -1635 4244 -1097 | GDP=4678.479
FLEX: 2653 2094 2131 2509 2416 | ACC: -4456 14616 -376 | GYRO: -6316 5986 -3804 | GDP=9497.076
FLEX: 2662 2127 2174 2498 2432 | ACC: -3940 13852 4300 | GYRO: -6813 2233 -4622 | GDP=8530.308
FLEX: 2628 2103 2158 2486 2397 | ACC: -8604 13648 10464 | GYRO: -3602 5219 -3326 | GDP=7160.631
FLEX: 2636 2085 2167 2590 2479 | ACC: -7848 14732 7580 | GYRO: 349 2705 -2222 | GDP=3517.969
FLEX: 2661 2078 2161 2439 2365 | ACC: -9132 15044 7020 | GYRO: 1154 3545 -523 | GDP=3764.608
FLEX: 2667 2078 2157 2551 2506 | ACC: -7684 14924 4956 | GYRO: 604 367 -272 | GDP=757.291
FLEX: 2653 2085 2128 2450 2315 | ACC: -7332 14856 4320 | GYRO: 1223 1627 -27 | GDP=2035.580
FLEX: 2665 2075 2166 2534 2590 | ACC: -6792 14612 3228 | GYRO: -375 -442 -337 | GDP=670.491
FLEX: 2614 2067 2181 2427 2272 | ACC: -6800 14428 4092 | GYRO: -437 561 -134 | GDP=723.634
FLEX: 2673 2091 2159 2603 2559 | ACC: -6516 14532 3620 | GYRO: -701 -51 -551 | GDP=893.086
FLEX: 2663 2082 2150 2418 2227 | ACC: -6908 14604 4868 | GYRO: -512 -3219 -1233 | GDP=3484.881
FLEX: 2660 2095 2170 2596 2639 | ACC: -5492 14032 2828 | GYRO: -896 -4448 -1350 | GDP=4733.922
FLEX: 2643 2067 2160 2445 2221 | ACC: -4496 13032 3152 | GYRO: -2566 440 -1696 | GDP=3107.148
FLEX: 2657 2075 2162 2608 2706 | ACC: -6840 12584 4880 | GYRO: -5366 -284 -4458 | GDP=6982.004
FLEX: 2638 2103 2144 2351 2194 | ACC: -6972 12484 4608 | GYRO: -5661 237 -4912 | GDP=7498.722
FLEX: 2626 2091 2160 2645 2739 | ACC: -10492 11740 9808 | GYRO: -5963 -2409 -4790 | GDP=8019.024
FLEX: 2641 2086 2135 2388 2162 | ACC: -10504 11460 10696 | GYRO: -4153 -1626 -3084 | GDP=5422.393
FLEX: 2659 2097 2165 2659 2755 | ACC: -9228 11624 9092 | GYRO: -774 525 -1234 | GDP=1548.372
FLEX: 2619 2087 2142 2352 2155 | ACC: -8732 11628 8320 | GYRO: -105 -917 -643 | GDP=1124.884
FLEX: 2671 2101 2158 2688 2807 | ACC: -8328 12188 7488 | GYRO: 371 -426 -148 | GDP=583.970
FLEX: 2640 2073 2138 2353 2112 | ACC: -9108 12252 9756 | GYRO: 465 -3650 -1169 | GDP=3860.737
FLEX: 2656 2112 2161 2699 2831 | ACC: -8128 12928 9576 | GYRO: -465 -5481 -946 | GDP=5581.442
FLEX: 2616 2096 2183 2352 2112 | ACC: -6164 12156 11544 | GYRO: 649 -10591 -3575 | GDP=11196.924
FLEX: 2656 2091 2155 2677 2861 | ACC: -2128 10780 7788 | GYRO: 825 -5376 -4280 | GDP=6921.012
FLEX: 2638 2079 2160 2314 2081 | ACC: -5872 9768 10740 | GYRO: 2362 -1829 -6163 | GDP=6848.858
FLEX: 2647 2096 2149 2693 2843 | ACC: -6860 7940 7772 | GYRO: 877 -1102 -7826 | GDP=7951.717
FLEX: 2622 2080 2159 2333 2059 | ACC: -12760 8272 8620 | GYRO: 2778 -79 -5358 | GDP=6035.867
FLEX: 2662 2100 2144 2698 2912 | ACC: -12908 9136 8568 | GYRO: 2345 2757 -1476 | GDP=3908.791
FLEX: 2640 2113 2151 2351 2059 | ACC: -10844 10424 8828 | GYRO: 1839 -733 -688 | GDP=2095.842
FLEX: 2637 2126 2159 2695 2896 | ACC: -9544 11012 8860 | GYRO: 1627 -1236 -678 | GDP=2152.791
FLEX: 2640 2098 2154 2314 2032 | ACC: -8104 10048 8648 | GYRO: 777 -1271 -1296 | GDP=1974.534
FLEX: 2661 2096 2160 2714 2903 | ACC: -8852 9716 10236 | GYRO: 2293 -3276 -3650 | GDP=5414.104
FLEX: 2634 2075 2163 2338 2057 | ACC: -8764 7916 11936 | GYRO: 2727 -10742 -12206 | GDP=16486.768
FLEX: 2665 2064 2170 2695 2909 | ACC: -12820 7532 12424 | GYRO: 4209 -32646 -21658 | GDP=39402.359
FLEX: 2684 2090 2138 2364 2038 | ACC: -7676 10820 5396 | GYRO: 1847 -32768 -15325 | GDP=36221.664
FLEX: 2685 2096 2147 2621 2949 | ACC: -3828 6480 8420 | GYRO: -3914 8839 -1588 | GDP=9796.380
FLEX: 2653 2067 2167 2320 1968 | ACC: -12624 5532 20076 | GYRO: -455 -2860 -568 | GDP=2951.144
FLEX: 2677 2083 2163 2654 2889 | ACC: -5216 6744 13360 | GYRO: 2879 -10993 -1819 | GDP=11508.407
FLEX: 2642 2161 2114 2338 2071 | ACC: -5444 6264 16352 | GYRO: 1720 -14052 -2008 | GDP=14298.572
FLEX: 2619 2089 2174 2559 2901 | ACC: -2568 6944 14188 | GYRO: 2757 -28888 -2725 | GDP=29146.924
FLEX: 2583 2061 2132 2355 2101 | ACC: 1852 6328 12172 | GYRO: 1867 -25775 -3323 | GDP=26055.301
FLEX: 2615 2020 2154 2628 2785 | ACC: 2864 7272 12392 | GYRO: -699 -26592 -4675 | GDP=27008.863
FLEX: 2606 2022 2160 2319 2097 | ACC: 6076 7176 11648 | GYRO: 1301 -19553 -3517 | GDP=19909.336
FLEX: 2588 2096 2187 2605 2766 | ACC: 5528 7000 13172 | GYRO: -1612 -12331 -4833 | GDP=13342.039
FLEX: 2611 2123 2189 2349 2119 | ACC: 7160 5816 9692 | GYRO: -3850 -1888 -5923 | GDP=7312.248
FLEX: 2639 2129 2221 2553 2756 | ACC: 2952 7992 13820 | GYRO: -2924 8229 -9232 | GDP=12708.109
FLEX: 2585 2082 2193 2359 2192 | ACC: 1540 7976 17852 | GYRO: -9615 8003 -5927 | GDP=13842.889
FLEX: 2608 2077 2170 2527 2719 | ACC: -96 5508 20916 | GYRO: -9454 4213 -4160 | GDP=11154.958
FLEX: 2601 2074 2213 2391 2209 | ACC: 1032 6004 17020 | GYRO: -509 3950 -3280 | GDP=5159.456
FLEX: 2601 2057 2197 2495 2684 | ACC: -136 5952 16660 | GYRO: 4350 1757 -1719 | GDP=4996.450
FLEX: 2535 2087 2176 2443 2246 | ACC: 1540 6460 14532 | GYRO: 2515 1088 -1352 | GDP=3055.630
FLEX: 2619 2043 2202 2443 2559 | ACC: 1864 5768 15072 | GYRO: 418 444 -601 | GDP=856.190
FLEX: 2591 2063 2213 2416 2255 | ACC: 2052 5912 15676 | GYRO: 1116 -2011 -2532 | GDP=3420.614
FLEX: 2559 2059 2187 2496 2559 | ACC: 2340 6124 15064 | GYRO: 1941 -712 -3660 | GDP=4203.573
FLEX: 2559 2064 2199 2391 2285 | ACC: 1556 6080 15592 | GYRO: -371 -923 -4566 | GDP=4673.106
FLEX: 2581 2079 2192 2475 2538 | ACC: 696 6172 14080 | GYRO: -4404 342 -4208 | GDP=6100.774
FLEX: 2583 2062 2186 2423 2322 | ACC: -196 5612 16132 | GYRO: -5433 2163 -1660 | GDP=6078.788
FLEX: 2589 2057 2192 2427 2528 | ACC: 72 3968 16692 | GYRO: -4057 -1406 -572 | GDP=4331.659
FLEX: 2587 2023 2174 2433 2337 | ACC: 1128 4240 17084 | GYRO: -1008 888 -416 | GDP=1406.294
FLEX: 2604 2047 2171 2427 2483 | ACC: 148 3936 17504 | GYRO: 1557 554 1073 | GDP=1970.405
FLEX: 2612 2035 2190 2445 2375 | ACC: 1140 4076 15892 | GYRO: 1414 601 423 | GDP=1593.589
FLEX: 2605 2055 2192 2417 2435 | ACC: 804 4756 16120 | GYRO: 3266 3386 1000 | GDP=4809.548
FLEX: 2589 2032 2185 2429 2388 | ACC: 608 5112 15552 | GYRO: 2460 160 -112 | GDP=2467.741
FLEX: 2592 2054 2178 2397 2430 | ACC: 916 5244 16112 | GYRO: 2637 3859 -306 | GDP=4683.939
FLEX: 2608 2000 2193 2413 2410 | ACC: 1488 4652 15640 | GYRO: 2616 3643 -523 | GDP=4515.355
FLEX: 2621 2033 2192 2411 2384 | ACC: -1408 6000 15548 | GYRO: 4098 7936 159 | GDP=8933.027
FLEX: 2643 0 2193 2430 2475 | ACC: -2696 5252 17696 | GYRO: 5634 721 201 | GDP=5683.502
FLEX: 2640 0 2182 2394 2350 | ACC: 268 6408 13996 | GYRO: 4118 2644 -981 | GDP=4991.094
FLEX: 2653 0 2135 2442 2489 | ACC: -2564 6740 15744 | GYRO: 5598 2471 -1796 | GDP=6377.230
FLEX: 2677 0 2167 2382 2334 | ACC: -2080 7416 13728 | GYRO: 3862 1580 -861 | GDP=4260.606
FLEX: 2691 0 2159 2452 2524 | ACC: -1204 7232 14464 | GYRO: 2721 -181 -1337 | GDP=3037.132
FLEX: 2666 0 2160 2359 2275 | ACC: -1784 7480 14984 | GYRO: 2183 1036 -521 | GDP=2471.887
FLEX: 2694 0 2192 2480 2635 | ACC: -2780 8304 14324 | GYRO: 1362 -1281 -82 | GDP=1871.558
FLEX: 2671 0 2158 2369 2242 | ACC: -2332 7832 15124 | GYRO: 1852 1242 -505 | GDP=2286.371
FLEX: 2691 0 2179 2438 2643 | ACC: -2260 7796 14176 | GYRO: 721 -979 273 | GDP=1246.118
FLEX: 2672 0 2154 2340 2186 | ACC: -2476 7544 14348 | GYRO: 1387 596 -447 | GDP=1574.419
FLEX: 2646 0 2160 2441 2705 | ACC: -1684 8140 14656 | GYRO: 3130 -2757 1011 | GDP=4291.861
FLEX: 2643 2020 2130 2383 2140 | ACC: -2476 8520 16296 | GYRO: 3456 -3841 -316 | GDP=5176.589
FLEX: 2685 2046 2166 2463 2736 | ACC: -124 8340 12552 | GYRO: 1869 972 1146 | GDP=2398.179
FLEX: 2636 2043 2160 2342 2137 | ACC: -2560 8764 14672 | GYRO: 3257 -1777 299 | GDP=3722.255
FLEX: 2672 2092 2162 2480 2781 | ACC: -1056 9032 12716 | GYRO: -326 -2070 61 | GDP=2096.401
FLEX: 2640 2058 2125 2342 2114 | ACC: -1508 9028 14032 | GYRO: -2141 -2714 673 | GDP=3521.733
FLEX: 2736 2060 2170 2485 2816 | ACC: -472 7180 13956 | GYRO: -1936 -2792 876 | GDP=3508.666
FLEX: 2614 2074 2140 2301 2096 | ACC: -708 8756 15216 | GYRO: 865 -2455 770 | GDP=2714.434
FLEX: 2640 2067 2155 2479 2864 | ACC: 364 7208 14344 | GYRO: -458 110 1096 | GDP=1192.929
FLEX: 2640 2038 2130 2320 2083 | ACC: -108 9036 14988 | GYRO: 1472 -1366 42 | GDP=2008.607
FLEX: 2646 2059 2148 2492 2843 | ACC: 28 7680 14280 | GYRO: 1139 1398 -716 | GDP=1940.201
FLEX: 2624 2046 2141 2323 2043 | ACC: -492 9092 13308 | GYRO: 214 -1175 414 | GDP=1264.048
FLEX: 2640 2039 2159 2499 2886 | ACC: -612 8352 15248 | GYRO: 966 358 -451 | GDP=1124.598
FLEX: 2622 2044 2125 2319 2039 | ACC: 484 7436 13272 | GYRO: -244 707 444 | GDP=869.782
FLEX: 2631 2054 2159 2501 2902 | ACC: -660 8148 14160 | GYRO: -1182 640 589 | GDP=1467.530
FLEX: 2622 2059 2129 2303 1958 | ACC: 420 6192 13260 | GYRO: -5877 -695 2462 | GDP=6409.648
FLEX: 2628 2055 2151 2495 2853 | ACC: -844 7916 16296 | GYRO: -1769 1203 1757 | GDP=2768.324
FLEX: 2624 0 2163 2320 2058 | ACC: -176 5120 12792 | GYRO: -3458 1603 2449 | GDP=4530.450
FLEX: 2627 0 2170 2498 2847 | ACC: -828 7308 16716 | GYRO: -507 323 575 | GDP=831.867
FLEX: 2625 0 2189 2304 1990 | ACC: -640 5864 14712 | GYRO: -1471 -324 1275 | GDP=1973.434
FLEX: 2662 0 2186 2495 2822 | ACC: -896 6624 15692 | GYRO: 1116 -318 249 | GDP=1186.837
FLEX: 2621 0 2190 2251 2079 | ACC: -420 6984 14940 | GYRO: 1111 -1228 976 | GDP=1922.207
FLEX: 2645 0 2146 2480 2854 | ACC: -180 5712 16192 | GYRO: 3904 -1 1875 | GDP=4330.917
FLEX: 2643 2054 2192 2314 2064 | ACC: 260 7348 15044 | GYRO: 6395 -1072 638 | GDP=6515.539
FLEX: 2619 2047 2140 2413 2837 | ACC: 916 8464 14220 | GYRO: 6060 -131 -620 | GDP=6093.042
FLEX: 2597 2006 2200 2231 2064 | ACC: -344 7920 14416 | GYRO: 5197 2164 764 | GDP=5681.144
FLEX: 2592 2065 2227 2402 2794 | ACC: 24 9092 13904 | GYRO: 6165 1082 -668 | GDP=6294.773
FLEX: 2596 2085 2163 2259 2069 | ACC: -604 9428 13232 | GYRO: 4875 1541 -424 | GDP=5130.310
FLEX: 2555 2087 2195 2371 2813 | ACC: -1320 10372 13260 | GYRO: 3782 1923 971 | GDP=4352.504
FLEX: 2598 2085 2202 2314 2162 | ACC: 60 9560 13264 | GYRO: 2678 658 737 | GDP=2854.438
FLEX: 2595 2054 2192 2389 2758 | ACC: -488 9936 12972 | GYRO: 1384 363 268 | GDP=1455.695
FLEX: 2619 2083 2222 2320 2159 | ACC: -424 10436 13196 | GYRO: 1337 793 -47 | GDP=1555.194
FLEX: 2628 2062 2207 2378 2689 | ACC: -524 9920 13212 | GYRO: 402 -744 478 | GDP=971.403
FLEX: 2619 2037 2192 2315 2203 | ACC: -648 9828 13208 | GYRO: 319 256 322 | GDP=520.558
FLEX: 2622 2043 2209 2382 2631 | ACC: -792 10188 13292 | GYRO: 557 -341 513 | GDP=830.481
FLEX: 2630 2105 2190 2315 2224 | ACC: -260 9956 13796 | GYRO: 1392 766 868 | GDP=1810.482
FLEX: 2613 2083 2219 2355 2635 | ACC: 128 10080 13288 | GYRO: 1492 -296 237 | GDP=1539.431
FLEX: 2602 2159 2223 2326 2300 | ACC: -672 9996 13096 | GYRO: 1995 1362 -605 | GDP=2490.200
FLEX: 2602 2188 2223 2345 2559 | ACC: -896 10604 13252 | GYRO: 1227 -419 48 | GDP=1297.457
FLEX: 2592 2204 2249 2362 2294 | ACC: -692 10168 13116 | GYRO: 995 281 -235 | GDP=1060.288
FLEX: 2607 2222 2258 2368 2511 | ACC: -948 10448 12916 | GYRO: 1455 -245 174 | GDP=1485.707
FLEX: 2598 2343 2266 2350 2327 | ACC: -880 10528 12744 | GYRO: 772 276 305 | GDP=874.749
FLEX: 2591 2337 2302 2352 2492 | ACC: -228 10148 12968 | GYRO: 143 -519 692 | GDP=876.741
FLEX: 2608 2365 2351 2352 2332 | ACC: -120 10024 13396 | GYRO: 1052 248 32 | GDP=1081.310
FLEX: 2598 2326 2335 2350 2451 | ACC: -416 10276 12340 | GYRO: 550 356 -468 | GDP=805.146
FLEX: 2606 2327 2378 2352 2381 | ACC: -1160 10120 13428 | GYRO: 21 129 98 | GDP=163.359
FLEX: 2587 2316 2352 2335 2430 | ACC: -660 9936 13056 | GYRO: 513 495 149 | GDP=728.282
FLEX: 2597 2320 2337 2340 2416 | ACC: -964 10504 12368 | GYRO: 366 1480 216 | GDP=1539.809
FLEX: 2589 2301 2342 2353 2399 | ACC: -1072 10216 12756 | GYRO: 43 1652 1097 | GDP=1983.523
FLEX: 2598 2289 2342 2327 2417 | ACC: -72 10612 10832 | GYRO: -3625 4589 1208 | GDP=5971.500
FLEX: 2554 2334 2330 2313 2323 | ACC: -2048 9692 14628 | GYRO: -4067 6192 1127 | GDP=7493.429
FLEX: 2559 2398 2363 2330 2497 | ACC: -1708 9180 12048 | GYRO: -3792 4465 2263 | GDP=6279.861
FLEX: 2517 2416 2385 2304 2319 | ACC: -1656 8836 14248 | GYRO: -3900 -674 661 | GDP=4012.630
FLEX: 2540 2420 2341 2348 2505 | ACC: -1676 8240 14148 | GYRO: -2371 1948 1541 | GDP=3433.806
FLEX: 2531 2467 2369 2325 2274 | ACC: -2136 8648 14776 | GYRO: -26 279 -29 | GDP=281.706
FLEX: 2542 2482 2365 2357 2581 | ACC: -1704 8404 14228 | GYRO: -795 1529 291 | GDP=1747.726
FLEX: 2524 2443 2359 2297 2275 | ACC: -2136 8436 14564 | GYRO: 144 -1278 862 | GDP=1548.245
FLEX: 2471 2423 2385 2348 2625 | ACC: -1180 7912 13928 | GYRO: -114 554 498 | GDP=753.602
FLEX: 2523 2480 2363 2288 2227 | ACC: -1720 8580 14308 | GYRO: 654 355 -214 | GDP=774.298
FLEX: 2555 2471 2355 2373 2662 | ACC: -2404 8348 14380 | GYRO: -929 1488 309 | GDP=1781.198
FLEX: 2510 2474 2381 2284 2196 | ACC: -1812 7688 14340 | GYRO: -306 -31 198 | GDP=365.788
FLEX: 2544 2513 2382 2368 2640 | ACC: -2336 8132 13348 | GYRO: -4566 3414 539 | GDP=5726.628
FLEX: 2515 2459 2378 2310 2177 | ACC: -2896 7124 14836 | GYRO: -3370 -511 1057 | GDP=3568.651
FLEX: 2531 2451 2396 2384 2675 | ACC: -2252 6544 15176 | GYRO: -2756 -1136 1866 | GDP=3516.815
FLEX: 2512 2415 2390 2298 2194 | ACC: -1392 6720 15224 | GYRO: -384 724 960 | GDP=1262.233
FLEX: 2532 2451 2399 2357 2717 | ACC: -1636 6628 14328 | GYRO: -1912 1818 930 | GDP=2797.458
FLEX: 2514 2429 2380 2297 2160 | ACC: -2720 6148 15328 | GYRO: -3231 656 725 | GDP=3375.696
FLEX: 2543 2421 2366 2385 2755 | ACC: -2096 5944 14724 | GYRO: -2897 -756 -22 | GDP=2994.099
FLEX: 2528 2408 2343 2326 2141 | ACC: -1696 5728 15928 | GYRO: 146 -1677 882 | GDP=1900.413
FLEX: 2542 2434 2350 2403 2770 | ACC: -1992 5288 16404 | GYRO: 72 111 505 | GDP=522.044
FLEX: 2537 2399 2343 2301 2112 | ACC: -1792 5448 16180 | GYRO: 1361 -363 403 | GDP=1465.094
FLEX: 2544 2416 2331 2421 2793 | ACC: -1352 5760 15008 | GYRO: 1522 1027 -261 | GDP=1854.544
FLEX: 2517 2388 2316 2320 2098 | ACC: -2420 6192 15272 | GYRO: 1468 15 38 | GDP=1468.568
FLEX: 2530 2402 2352 2418 2802 | ACC: -2036 6124 14924 | GYRO: 730 858 -6 | GDP=1126.543
FLEX: 2509 2385 2320 2309 2094 | ACC: -2244 5984 15424 | GYRO: 1376 -363 60 | GDP=1424.340
FLEX: 2544 2370 2314 2399 2806 | ACC: -2172 5940 14824 | GYRO: -637 756 349 | GDP=1048.383
FLEX: 2541 2362 2301 2325 2078 | ACC: -2224 6200 14812 | GYRO: -2286 -433 510 | GDP=2381.887
FLEX: 2541 2343 2277 2400 2840 | ACC: -1816 5560 14368 | GYRO: -4677 780 1947 | GDP=5125.772
FLEX: 2528 2245 2255 2312 2111 | ACC: -1916 4856 14980 | GYRO: -6983 817 1290 | GDP=7147.998
FLEX: 2551 2270 2249 2429 2835 | ACC: -2552 3684 16512 | GYRO: -7267 -2246 994 | GDP=7670.843
FLEX: 2534 2269 2227 2368 2119 | ACC: -1356 2212 17180 | GYRO: -3615 671 1177 | GDP=3860.543
FLEX: 2559 2261 2219 2467 2864 | ACC: -2328 2916 17732 | GYRO: 1462 708 -313 | GDP=1654.291
FLEX: 2538 2230 2190 2342 2097 | ACC: -2316 3144 16032 | GYRO: 339 165 510 | GDP=634.229
FLEX: 2522 2239 2176 2403 2812 | ACC: -1708 3308 16424 | GYRO: 1937 -1013 591 | GDP=2264.380
FLEX: 2498 2197 2175 2355 2123 | ACC: -1496 3060 16152 | GYRO: 1281 458 207 | GDP=1376.072
FLEX: 2543 2251 2181 2372 2806 | ACC: -1660 3868 15888 | GYRO: 3395 -99 207 | GDP=3402.745
FLEX: 2559 2239 2190 2325 2064 | ACC: -1988 3392 16268 | GYRO: 1600 -553 175 | GDP=1701.891
FLEX: 2514 2217 2226 2401 2768 | ACC: -1948 3932 16060 | GYRO: 2453 -1184 -343 | GDP=2745.308
FLEX: 2526 2219 2224 2353 2099 | ACC: -1992 4024 15520 | GYRO: 1482 1373 148 | GDP=2025.674
FLEX: 2527 2135 2235 2349 2768 | ACC: -2332 4192 16464 | GYRO: 1703 -978 -218 | GDP=1975.909
FLEX: 2544 2155 2224 2363 2144 | ACC: -1132 3992 15252 | GYRO: 706 -375 -48 | GDP=800.853
FLEX: 2544 2125 2224 2400 2715 | ACC: -1448 4344 16052 | GYRO: 1861 1495 -740 | GDP=2499.189
FLEX: 2501 2108 2169 2355 2192 | ACC: -2060 4620 15568 | GYRO: -237 632 -721 | GDP=987.641
FLEX: 2545 2032 2167 2351 2667 | ACC: -2408 4388 16284 | GYRO: -992 -754 -730 | GDP=1444.119
FLEX: 2542 2043 2187 2383 2222 | ACC: -1744 3792 15756 | GYRO: -1507 -658 -82 | GDP=1646.432
FLEX: 2512 2029 2169 2384 2645 | ACC: -2052 3800 16436 | GYRO: 673 -618 -107 | GDP=919.947
FLEX: 2535 2021 2186 2389 2301 | ACC: -1796 3776 16692 | GYRO: 658 367 443 | GDP=874.015
FLEX: 2529 2010 2176 2397 2582 | ACC: -1716 3736 16524 | GYRO: 1685 -828 370 | GDP=1913.559
FLEX: 2521 2038 2159 2393 2262 | ACC: -1240 3636 16576 | GYRO: 3734 1125 262 | GDP=3908.583
FLEX: 2527 2057 2181 2397 2593 | ACC: -2368 4748 15740 | GYRO: 2588 1607 344 | GDP=3065.702
FLEX: 2533 2032 2160 2378 2324 | ACC: -1772 4364 16404 | GYRO: 4656 714 285 | GDP=4719.042
FLEX: 2522 2032 2171 2406 2534 | ACC: -1996 5380 14864 | GYRO: 4153 1861 38 | GDP=4551.063
FLEX: 2546 0 2175 2384 2332 | ACC: -2548 5280 15248 | GYRO: 3594 1114 -203 | GDP=3768.161
FLEX: 2512 0 2160 2372 2491 | ACC: -2516 5804 15168 | GYRO: 2080 -565 88 | GDP=2157.167
FLEX: 2530 0 2179 2409 2358 | ACC: -1072 5392 15028 | GYRO: 1370 182 -718 | GDP=1557.417
FLEX: 2525 0 2153 2389 2454 | ACC: -3284 6176 15568 | GYRO: 823 1485 -499 | GDP=1769.620
FLEX: 2543 0 2167 2383 2373 | ACC: -2880 6048 14988 | GYRO: -718 264 -225 | GDP=797.399
FLEX: 2550 0 2182 2386 2425 | ACC: -2024 5812 14796 | GYRO: -800 -2789 -480 | GDP=2940.905
FLEX: 2529 0 2165 2367 2427 | ACC: -2408 5368 15932 | GYRO: 469 -493 -160 | GDP=699.006
FLEX: 2535 0 2153 2367 2384 | ACC: -2708 5656 15004 | GYRO: -205 34 458 | GDP=502.936
FLEX: 2555 0 2162 2353 2463 | ACC: -2156 4980 16116 | GYRO: 496 -357 472 | GDP=772.172
FLEX: 2543 0 2160 2347 2352 | ACC: -1176 5420 15028 | GYRO: 777 -280 299 | GDP=878.368
FLEX: 2538 0 2173 2423 2455 | ACC: -2504 5232 16552 | GYRO: 2846 500 -625 | GDP=2956.407
FLEX: 2530 0 2163 2359 2311 | ACC: -2048 6304 14208 | GYRO: 2064 1329 -425 | GDP=2491.377
FLEX: 2545 2026 2173 2421 2525 | ACC: -2872 5704 16160 | GYRO: 2788 -2016 -488 | GDP=3474.959
FLEX: 2544 2047 2171 2374 2287 | ACC: -2124 6120 14948 | GYRO: 4261 456 -151 | GDP=4287.990
FLEX: 2544 2047 2170 2402 2559 | ACC: -2692 6768 14456 | GYRO: 3663 786 -937 | GDP=3861.779
FLEX: 2522 2032 2167 2347 2229 | ACC: -2724 7364 14676 | GYRO: 1671 -1831 1092 | GDP=2708.739
FLEX: 2559 2094 2163 2401 2618 | ACC: -1448 6652 14972 | GYRO: 962 -1775 402 | GDP=2058.561
FLEX: 2527 2047 2160 2351 2254 | ACC: -1660 7168 14124 | GYRO: 104 -1115 862 | GDP=1413.183
FLEX: 2559 2091 2193 2416 2627 | ACC: -1716 7376 14844 | GYRO: -194 -191 382 | GDP=469.085
FLEX: 2512 2023 2165 2362 2212 | ACC: -1412 6052 15392 | GYRO: -1120 -2041 385 | GDP=2359.726
FLEX: 2529 2042 2159 2429 2666 | ACC: -1396 6508 15116 | GYRO: 204 460 108 | GDP=514.665
FLEX: 2532 2014 2165 2353 2189 | ACC: -1848 6712 15120 | GYRO: 243 -215 121 | GDP=346.287
FLEX: 2531 2019 2192 2434 2686 | ACC: -1460 6816 14800 | GYRO: -611 -616 961 | GDP=1294.719
FLEX: 2517 2045 2174 2346 2188 | ACC: -784 6068 15632 | GYRO: 206 -973 169 | GDP=1008.824
FLEX: 2491 2064 2192 2426 2703 | ACC: -1264 6080 15084 | GYRO: -455 971 135 | GDP=1080.783
FLEX: 2518 2075 2180 2365 2158 | ACC: -1320 6500 15372 | GYRO: 803 1018 -338 | GDP=1339.917
FLEX: 2516 2105 2218 2426 2721 | ACC: -1756 6152 15224 | GYRO: -1316 -303 381 | GDP=1403.149
FLEX: 2501 2130 2230 2359 2151 | ACC: -1352 6252 15100 | GYRO: -101 -388 -105 | GDP=414.451
FLEX: 2502 2161 2283 2387 2736 | ACC: -2340 5904 14864 | GYRO: -2626 -13 771 | GDP=2736.875
FLEX: 2480 2157 2286 2383 2138 | ACC: -988 5896 15444 | GYRO: -2126 -2446 781 | GDP=3333.580
FLEX: 2479 2160 2283 2400 2742 | ACC: -760 4356 17348 | GYRO: -855 -2509 1345 | GDP=2972.395
FLEX: 2474 2143 2267 2331 2146 | ACC: 68 5232 15780 | GYRO: 1334 -68 -296 | GDP=1368.136
FLEX: 2464 2161 2289 2405 2751 | ACC: -1464 5392 15808 | GYRO: 790 273 -163 | GDP=851.586
FLEX: 2469 2149 2288 2351 2150 | ACC: -888 5520 15860 | GYRO: 2200 -852 449 | GDP=2401.563
FLEX: 2462 2170 2278 2398 2737 | ACC: -1072 5620 15728 | GYRO: 2423 537 384 | GDP=2511.325
FLEX: 2477 0 2290 2343 2146 | ACC: -1144 5732 16000 | GYRO: 5021 1769 590 | GDP=5356.109
FLEX: 2459 0 2287 2411 2737 | ACC: -1720 6760 15456 | GYRO: 2477 1124 -905 | GDP=2866.693
FLEX: 2422 0 2304 2351 2202 | ACC: -320 6616 14780 | GYRO: 1951 -498 1654 | GDP=2605.786
FLEX: 2439 0 2327 2384 2777 | ACC: -464 6740 14532 | GYRO: 714 544 -105 | GDP=903.746
FLEX: 2438 0 2323 2369 2096 | ACC: -1792 6704 15716 | GYRO: -407 196 -53 | GDP=454.834
FLEX: 2430 0 2325 2416 2771 | ACC: -868 6204 15824 | GYRO: 10 -1021 281 | GDP=1059.010
FLEX: 2399 0 2317 2377 2112 | ACC: -640 6324 15556 | GYRO: 1577 49 -557 | GDP=1673.194
FLEX: 2464 2279 2287 2331 2693 | ACC: -1988 6488 15228 | GYRO: 1286 -755 237 | GDP=1509.964
FLEX: 2450 2347 2299 2288 2179 | ACC: -648 6332 15032 | GYRO: 692 -422 145 | GDP=823.391
FLEX: 2447 2379 2368 2354 2709 | ACC: -956 6260 15604 | GYRO: 700 77 345 | GDP=784.190
FLEX: 2430 2394 2307 2318 2144 | ACC: -824 6648 15144 | GYRO: 1439 700 -447 | GDP=1661.484
FLEX: 2453 2385 2310 2341 2706 | ACC: -1612 6736 14604 | GYRO: -213 257 48 | GDP=337.227
FLEX: 2451 2375 2320 2379 2160 | ACC: -1112 6480 15848 | GYRO: 998 -215 -11 | GDP=1020.955
FLEX: 2448 2393 2308 2403 2654 | ACC: -964 6776 14716 | GYRO: 571 1205 134 | GDP=1340.157
FLEX: 2433 2383 2288 2391 2207 | ACC: -1404 6800 15068 | GYRO: 854 -98 616 | GDP=1057.533
FLEX: 2450 2382 2311 2406 2671 | ACC: -764 6448 15352 | GYRO: 44 -224 718 | GDP=753.416
FLEX: 2434 2371 2314 2400 2224 | ACC: 92 6292 14856 | GYRO: 692 168 493 | GDP=866.104
FLEX: 2485 2388 2315 2353 2623 | ACC: -1188 6432 15388 | GYRO: 698 932 709 | GDP=1363.271
FLEX: 2470 2375 2288 2372 2272 | ACC: -1004 6616 14580 | GYRO: 97 19 779 | GDP=785.246
FLEX: 2480 2319 2288 2375 2559 | ACC: -792 6384 14572 | GYRO: -32 -1262 791 | GDP=1489.748
FLEX: 2468 2298 2290 2382 2233 | ACC: -1568 6488 15772 | GYRO: 1230 1316 665 | GDP=1920.151
FLEX: 2464 2311 2288 2371 2543 | ACC: -952 6712 14776 | GYRO: 69 883 659 | GDP=1103.962
FLEX: 2467 2335 2267 2358 2311 | ACC: -776 6492 15840 | GYRO: 623 -599 665 | GDP=1090.484
FLEX: 2463 2302 2269 2330 2559 | ACC: -396 6280 15184 | GYRO: 403 1147 10 | GDP=1215.779
FLEX: 2463 2306 2278 2375 2285 | ACC: -1004 6820 15064 | GYRO: 1341 329 -512 | GDP=1472.639
FLEX: 2454 2311 2271 2393 2503 | ACC: -1300 6296 14720 | GYRO: 57 978 -252 | GDP=1011.552
FLEX: 2465 2314 2299 2379 2352 | ACC: -2060 6608 15872 | GYRO: -881 1525 -367 | GDP=1799.021
FLEX: 2478 2267 2295 2370 2442 | ACC: -1512 6556 14744 | GYRO: -784 -529 75 | GDP=948.748
FLEX: 2473 2274 2289 2387 2395 | ACC: -1780 6476 15548 | GYRO: -1184 -1328 194 | GDP=1789.714
FLEX: 2467 2226 2302 2353 2438 | ACC: -824 5500 16168 | GYRO: -2191 -2917 -386 | GDP=3668.564
FLEX: 2462 2210 2288 2377 2416 | ACC: -40 5256 16672 | GYRO: -72 -1338 -1080 | GDP=1720.996
FLEX: 2465 2198 2275 2352 2401 | ACC: -1012 5436 16076 | GYRO: 484 -1383 -1853 | GDP=2362.320
FLEX: 2451 2193 2293 2339 2411 | ACC: -992 5640 15676 | GYRO: -339 -630 -1705 | GDP=1849.012
FLEX: 2489 2192 2268 2370 2379 | ACC: -1088 5364 14988 | GYRO: -1422 696 -1188 | GDP=1979.354
FLEX: 2494 2197 2282 2353 2432 | ACC: -1712 5564 15820 | GYRO: 527 425 -180 | GDP=700.538
FLEX: 2476 2176 2228 2346 2336 | ACC: -1524 5132 15848 | GYRO: 186 859 530 | GDP=1026.342
FLEX: 2465 2208 2278 2386 2483 | ACC: -828 4892 16248 | GYRO: 1521 6 985 | GDP=1812.099
FLEX: 2465 2177 2277 2343 2308 | ACC: -600 4840 15668 | GYRO: 1472 -372 200 | GDP=1531.394
FLEX: 2474 2192 2265 2389 2510 | ACC: -1140 5688 15344 | GYRO: 1869 380 137 | GDP=1912.153
FLEX: 2485 2176 2244 2343 2302 | ACC: -1120 5444 15676 | GYRO: 270 -188 739 | GDP=808.928
FLEX: 2451 2193 2253 2401 2541 | ACC: -736 5544 15948 | GYRO: 605 -987 458 | GDP=1244.973
FLEX: 2471 2160 2242 2292 2256 | ACC: -1216 5748 15292 | GYRO: -130 1173 915 | GDP=1493.337
FLEX: 2448 2145 2221 2352 2684 | ACC: -1096 5484 16500 | GYRO: -1482 -2334 1498 | GDP=3144.500
FLEX: 2450 2133 2224 2352 2247 | ACC: 96 4976 15516 | GYRO: -1848 -120 1428 | GDP=2338.523
FLEX: 2467 2149 2233 2390 2623 | ACC: -184 4528 16776 | GYRO: -91 431 302 | GDP=534.084
FLEX: 2457 2132 2235 2352 2288 | ACC: -556 4964 15660 | GYRO: 1303 516 -235 | GDP=1421.017
FLEX: 2467 2159 2256 2389 2589 | ACC: -1276 4844 16496 | GYRO: 1022 -179 -348 | GDP=1094.362
FLEX: 2448 2129 2196 2359 2211 | ACC: -932 5324 15196 | GYRO: 1268 146 24 | GDP=1276.603
FLEX: 2459 2165 2250 2410 2692 | ACC: -1176 5312 15424 | GYRO: 866 -548 101 | GDP=1029.787
FLEX: 2448 2130 2233 2359 2158 | ACC: -316 5052 15812 | GYRO: 309 -1156 470 | GDP=1285.580
FLEX: 2448 2159 2231 2405 2646 | ACC: -236 4576 16160 | GYRO: 415 -264 49 | GDP=494.289
FLEX: 2431 2135 2213 2333 2193 | ACC: 184 5260 14988 | GYRO: 614 839 -778 | GDP=1298.538
FLEX: 2465 2174 2240 2398 2702 | ACC: -1120 4724 16496 | GYRO: -168 -769 -887 | GDP=1185.898
FLEX: 2429 2161 2235 2352 2197 | ACC: -368 4920 15484 | GYRO: 723 -433 -268 | GDP=884.331
FLEX: 2463 2160 2223 2365 2689 | ACC: -1380 4812 16528 | GYRO: 1242 3 -548 | GDP=1357.526
FLEX: 2434 2149 2253 2375 2176 | ACC: 152 4636 17440 | GYRO: 7416 1899 -1857 | GDP=7877.291
FLEX: 2431 2151 2288 2559 2704 | ACC: -728 5284 17656 | GYRO: 11273 600 -3297 | GDP=11760.559
FLEX: 2448 2187 2262 2384 2139 | ACC: -392 7008 14168 | GYRO: 9102 2157 -4072 | GDP=10201.973
FLEX: 2425 2274 2293 2411 2742 | ACC: -1380 8196 12764 | GYRO: 6663 -252 -3513 | GDP=7536.593
FLEX: 2448 2299 2269 2350 2112 | ACC: -2104 8960 12676 | GYRO: 731 956 -2896 | GDP=3136.098
FLEX: 2457 2305 2320 2378 2726 | ACC: -2552 8108 14644 | GYRO: 463 -1045 -1174 | GDP=1638.496
FLEX: 2448 2323 2318 2342 2144 | ACC: -2144 8068 14192 | GYRO: 369 199 -951 | GDP=1039.309
FLEX: 2431 2342 2320 2397 2698 | ACC: -2252 8180 14668 | GYRO: 274 -999 -668 | GDP=1232.599
FLEX: 2403 2300 2245 2351 2118 | ACC: -1116 7732 14972 | GYRO: 148 -944 -446 | GDP=1054.493
FLEX: 2448 2302 2288 2389 2711 | ACC: -132 7376 15292 | GYRO: 1581 -678 -1420 | GDP=2230.615
FLEX: 2448 2299 2277 2393 2151 | ACC: -1360 8040 13004 | GYRO: 2261 1085 -2334 | GDP=3425.916
FLEX: 2470 2321 2293 2394 2679 | ACC: -1972 8084 15096 | GYRO: 1034 2001 -2862 | GDP=3642.005
FLEX: 2449 2266 2303 2346 2138 | ACC: -2204 8168 14320 | GYRO: 1060 1488 -3284 | GDP=3757.978
FLEX: 2442 2301 2314 2434 2731 | ACC: -2532 8164 14548 | GYRO: 1636 1351 -3359 | GDP=3972.981
FLEX: 2448 2330 2267 2353 2131 | ACC: -2600 7812 14192 | GYRO: -430 920 -3843 | GDP=3974.915
FLEX: 2431 2343 2319 2455 2736 | ACC: -2564 7644 14324 | GYRO: -820 632 -3923 | GDP=4057.309
FLEX: 2526 2325 2263 2354 2131 | ACC: -3360 6700 14320 | GYRO: 73 984 -3731 | GDP=3859.268
FLEX: 2475 2385 2307 2377 2727 | ACC: -3832 7912 13828 | GYRO: 763 238 -4164 | GDP=4240.013
FLEX: 2496 2315 2244 2351 2109 | ACC: -4692 7204 13600 | GYRO: -1096 945 -3617 | GDP=3895.758
FLEX: 2475 2339 2273 2395 2696 | ACC: -5944 7176 14032 | GYRO: -982 530 -2092 | GDP=2371.010
FLEX: 2479 2349 2251 2394 2160 | ACC: -5764 6956 14368 | GYRO: -449 267 -612 | GDP=804.633
FLEX: 2498 2282 2250 2395 2693 | ACC: -5132 6796 15076 | GYRO: -406 -267 -317 | GDP=580.184
FLEX: 2463 2331 2269 2416 2210 | ACC: -4528 6088 15196 | GYRO: 1131 -586 -195 | GDP=1288.636
FLEX: 2480 2300 2234 2409 2663 | ACC: -3812 6696 14352 | GYRO: 1724 -130 -721 | GDP=1873.210
FLEX: 2499 2287 2265 2416 2224 | ACC: -3420 6976 14668 | GYRO: 1684 -11 -1559 | GDP=2294.876
FLEX: 2515 2287 2255 2395 2618 | ACC: -3196 6692 14712 | GYRO: 1555 -1810 -3615 | GDP=4331.553
FLEX: 2480 2262 2258 2374 2209 | ACC: -3152 6592 14748 | GYRO: 322 -314 -4623 | GDP=4644.826
FLEX: 2530 2221 2231 2380 2592 | ACC: -2956 7164 13620 | GYRO: -1987 -383 -4889 | GDP=5291.236
FLEX: 2559 2172 2218 2399 2272 | ACC: -3684 5628 14312 | GYRO: -6258 318 -6112 | GDP=8753.299
FLEX: 2559 2131 2222 2427 2582 | ACC: -4540 4644 15060 | GYRO: -4089 35 -5118 | GDP=6550.959
FLEX: 2615 2142 2219 2395 2293 | ACC: -5756 3984 15300 | GYRO: -779 2145 -5389 | GDP=5852.281
FLEX: 2586 2112 2215 2395 2512 | ACC: -7488 4252 15248 | GYRO: 1696 2073 -5817 | GDP=6404.001
FLEX: 2617 2134 2186 2401 2310 | ACC: -7896 3852 14332 | GYRO: 1632 1589 -4814 | GDP=5325.687
FLEX: 2598 2099 2192 2397 2479 | ACC: -8260 4076 14792 | GYRO: 2496 1345 -4057 | GDP=4949.575
FLEX: 2624 2098 2194 2410 2343 | ACC: -7628 4392 15172 | GYRO: 4181 1913 -3380 | GDP=5706.551
FLEX: 2614 2081 2192 2359 2466 | ACC: -6188 3936 14696 | GYRO: 5248 1066 -2631 | GDP=5966.575
FLEX: 2640 2090 2173 2387 2374 | ACC: -6288 4092 13752 | GYRO: 4601 1909 -2179 | GDP=5437.051
FLEX: 2623 2096 2182 2362 2423 | ACC: -6808 5148 14028 | GYRO: 6515 2172 -4319 | GDP=8112.741
FLEX: 2630 2100 2211 2394 2385 | ACC: -7472 4956 13364 | GYRO: 5545 1539 -4888 | GDP=7550.370
FLEX: 2638 2081 2209 2362 2396 | ACC: -8604 5352 13012 | GYRO: 6834 2059 -5995 | GDP=9321.108
FLEX: 2638 2091 2218 2373 2391 | ACC: -9616 6104 11856 | GYRO: 5598 1600 -4256 | GDP=7211.875
FLEX: 2662 2081 2192 2363 2387 | ACC: -10472 7072 11132 | GYRO: 2134 538 174 | GDP=2207.640
FLEX: 2647 2096 2198 2374 2396 | ACC: -8996 6076 11580 | GYRO: 584 -3055 1422 | GDP=3419.966
FLEX: 2640 2112 2246 2336 2323 | ACC: -8148 5836 12644 | GYRO: -520 539 1169 | GDP=1388.338
FLEX: 2626 2101 2224 2382 2470 | ACC: -8532 6008 13084 | GYRO: -535 -878 1455 | GDP=1781.610
FLEX: 2640 2096 2184 2366 2289 | ACC: -8624 6240 12804 | GYRO: -1024 86 2527 | GDP=2727.948
FLEX: 2640 2127 2237 2411 2497 | ACC: -9440 5592 13156 | GYRO: -2016 -859 4004 | GDP=4564.444
FLEX: 2625 2107 2225 2362 2279 | ACC: -8468 5832 13316 | GYRO: 58 -128 4228 | GDP=4230.335
FLEX: 2628 2143 2209 2386 2530 | ACC: -7384 6500 13272 | GYRO: -360 -1594 4425 | GDP=4717.103
FLEX: 2623 2145 2231 2360 2241 | ACC: -7244 6340 13632 | GYRO: -922 -1659 5480 | GDP=5799.376
FLEX: 2625 2171 2246 2405 2559 | ACC: -6484 6524 13556 | GYRO: -521 -952 5868 | GDP=5967.509
FLEX: 2590 2162 2245 2335 2219 | ACC: -6100 5940 14044 | GYRO: -1649 -523 6232 | GDP=6467.654
FLEX: 2608 2196 2258 2384 2559 | ACC: -5944 6836 14584 | GYRO: 303 -503 4815 | GDP=4850.675
FLEX: 2590 2223 2235 2311 2186 | ACC: -5292 5412 13752 | GYRO: -544 2200 4419 | GDP=4966.236
FLEX: 2604 2310 2246 2352 2645 | ACC: -5556 7196 13996 | GYRO: 2012 -1605 2700 | GDP=3730.170
FLEX: 2557 2338 2257 2338 2198 | ACC: -5848 7424 12924 | GYRO: 171 2479 2826 | GDP=3763.105
FLEX: 2583 2350 2250 2378 2667 | ACC: -5316 7272 14384 | GYRO: -1448 -599 4120 | GDP=4407.937
FLEX: 2559 2337 2240 2339 2175 | ACC: -4108 6720 14128 | GYRO: 319 776 2046 | GDP=2211.346
FLEX: 2594 2371 2265 2391 2688 | ACC: -4652 7540 13304 | GYRO: 311 -973 -100 | GDP=1026.377
FLEX: 2551 2302 2234 2343 2166 | ACC: -5528 7300 14256 | GYRO: 430 694 177 | GDP=835.383
FLEX: 2559 2322 2235 2406 2718 | ACC: -5648 6992 13692 | GYRO: 159 1220 638 | GDP=1385.902
FLEX: 2559 2303 2237 2362 2156 | ACC: -6596 7560 13840 | GYRO: 544 2251 749 | GDP=2433.914
FLEX: 2609 2313 2235 2384 2732 | ACC: -6108 7364 13840 | GYRO: -52 126 2439 | GDP=2442.806
FLEX: 2559 2288 2243 2320 2123 | ACC: -5856 7232 13884 | GYRO: -337 1120 2481 | GDP=2742.869
FLEX: 2598 2260 2249 2419 2736 | ACC: -5712 6860 13460 | GYRO: -218 2562 2941 | GDP=3906.514
FLEX: 2559 2256 2227 2368 2112 | ACC: -6492 7700 13812 | GYRO: -319 -159 2086 | GDP=2116.232
FLEX: 2608 2261 2228 2399 2755 | ACC: -5560 7176 13840 | GYRO: -1787 -1120 2954 | GDP=3629.585
FLEX: 2595 2225 2191 2337 2127 | ACC: -5072 6916 14356 | GYRO: -490 -1052 1945 | GDP=2264.913
FLEX: 2644 2254 2241 2426 2741 | ACC: -5200 7448 13248 | GYRO: -1748 -115 2783 | GDP=3288.437
FLEX: 2603 2231 2227 2359 2119 | ACC: -5596 7032 14208 | GYRO: -2194 -1787 2981 | GDP=4110.154
FLEX: 2559 2224 2237 2384 2717 | ACC: -3268 6000 15256 | GYRO: -1930 -3188 3280 | GDP=4964.539
FLEX: 2620 2212 2242 2378 2089 | ACC: -1588 6004 16600 | GYRO: 2656 -889 -239 | GDP=2811.010
FLEX: 2609 2219 2224 2432 2793 | ACC: -2764 6488 14128 | GYRO: 2233 2674 -2218 | GDP=4129.902
FLEX: 2593 2199 2235 2354 2134 | ACC: -5992 7372 14168 | GYRO: 2906 1884 -2314 | GDP=4165.200
FLEX: 2604 2205 2265 2359 2755 | ACC: -5576 6588 12756 | GYRO: 816 1062 -321 | GDP=1377.222
FLEX: 2583 2224 2235 2384 2023 | ACC: -6680 7668 13764 | GYRO: 1132 -621 -164 | GDP=1301.523
FLEX: 2622 2242 2229 2400 2752 | ACC: -5020 7452 13496 | GYRO: -735 -1462 1363 | GDP=2129.657
FLEX: 2523 2222 2231 2387 2127 | ACC: -4852 6716 14972 | GYRO: -652 -1908 1873 | GDP=2752.035
FLEX: 2559 2204 2160 2390 2744 | ACC: -3692 6920 14116 | GYRO: 253 -673 1223 | GDP=1418.685
FLEX: 2624 2279 2201 2352 2141 | ACC: -4020 7064 15348 | GYRO: 331 667 1208 | GDP=1419.054
FLEX: 2609 2300 2192 2343 2688 | ACC: -3740 7132 14612 | GYRO: 1083 -1217 2003 | GDP=2581.857
FLEX: 2559 2258 2222 2320 2188 | ACC: -3980 6748 14836 | GYRO: 194 961 1122 | GDP=1489.980
FLEX: 2629 2205 2254 2373 2707 | ACC: -3524 7476 13644 | GYRO: 790 -741 1287 | GDP=1682.127
FLEX: 2607 2236 2242 2390 2191 | ACC: -3596 6908 14100 | GYRO: -1098 414 924 | GDP=1493.578
FLEX: 2555 2231 2219 2399 2638 | ACC: -3628 6908 14924 | GYRO: 133 -1651 764 | GDP=1824.058
FLEX: 2559 2244 2240 2368 2237 | ACC: -3224 6700 14384 | GYRO: 552 515 118 | GDP=764.103
FLEX: 2559 2243 2215 2375 2598 | ACC: -3808 7368 14164 | GYRO: 660 474 -182 | GDP=832.706
FLEX: 2555 2240 2207 2375 2207 | ACC: -4476 6908 15144 | GYRO: 471 -537 135 | GDP=726.935
FLEX: 2559 2244 2231 2367 2540 | ACC: -3816 7124 14092 | GYRO: 825 -316 536 | GDP=1033.333
FLEX: 2550 2255 2229 2359 2266 | ACC: -4384 7012 14496 | GYRO: 619 -202 346 | GDP=737.347
FLEX: 2540 2234 2224 2391 2558 | ACC: -4344 7228 14152 | GYRO: -263 -967 1346 | GDP=1678.086
FLEX: 2559 2250 2208 2387 2270 | ACC: -3924 6652 14644 | GYRO: -170 -1487 1974 | GDP=2477.245
FLEX: 2559 2224 2202 2375 2505 | ACC: -4064 6804 14036 | GYRO: -370 -1298 2245 | GDP=2619.490
FLEX: 2608 2239 2230 2367 2288 | ACC: -4468 7360 14076 | GYRO: -1229 -3053 2705 | GDP=4260.079
FLEX: 2586 2222 2198 2343 2466 | ACC: -2764 6560 14644 | GYRO: -3412 -3106 3462 | GDP=5768.399
FLEX: 2559 2213 2242 2401 2334 | ACC: -2348 5928 15920 | GYRO: -2508 -3573 4083 | GDP=5977.230
FLEX: 2587 2166 2205 2365 2453 | ACC: 224 5620 15520 | GYRO: -3000 -2088 3578 | GDP=5114.863
FLEX: 2594 2192 2218 2373 2395 | ACC: -284 5412 16936 | GYRO: -495 -236 2279 | GDP=2344.048
FLEX: 2590 2181 2215 2351 2406 | ACC: 280 5052 15808 | GYRO: 1133 -211 1924 | GDP=2242.763
FLEX: 2559 2196 2210 2387 2399 | ACC: 244 5136 16620 | GYRO: 3611 1411 306 | GDP=3888.943
FLEX: 2586 2182 2198 2379 2396 | ACC: -180 6304 14756 | GYRO: 4525 4808 -715 | GDP=6641.063
FLEX: 2594 2176 2233 2355 2447 | ACC: 256 6492 12764 | GYRO: 3920 17903 -1001 | GDP=18354.449
FLEX: 2591 2149 2199 2359 2352 | ACC: -5888 7120 13564 | GYRO: 3844 29684 -808 | GDP=29942.762
FLEX: 2559 2190 2208 2384 2458 | ACC: -8692 7480 11916 | GYRO: 4502 28763 -773 | GDP=29123.455
FLEX: 2582 2160 2231 2349 2308 | ACC: -8272 8424 4020 | GYRO: 328 32767 365 | GDP=32770.672
FLEX: 2611 2180 2224 2395 2484 | ACC: -16176 6940 10664 | GYRO: 2937 32767 1932 | GDP=32955.043
FLEX: 2601 2160 2217 2367 2279 | ACC: -12476 7776 5352 | GYRO: 2125 11954 1650 | GDP=12253.010
FLEX: 2590 2201 2155 2434 2554 | ACC: -13544 7784 4888 | GYRO: 2274 6238 -1197 | GDP=6746.594
FLEX: 2559 2150 2217 2368 2277 | ACC: -15804 7600 5096 | GYRO: 245 3656 -865 | GDP=3764.915
FLEX: 2609 2175 2221 2381 2559 | ACC: -13204 7528 2092 | GYRO: 1549 1117 -577 | GDP=1994.999
FLEX: 2583 2174 2198 2355 2217 | ACC: -16468 7572 5580 | GYRO: 366 -238 -170 | GDP=468.508
FLEX: 2590 2203 2215 2363 2627 | ACC: -14956 7432 4796 | GYRO: 968 -13770 -198 | GDP=13805.401
FLEX: 2603 2156 2193 2350 2201 | ACC: -18072 7460 9396 | GYRO: 1114 -32768 332 | GDP=32788.609
FLEX: 2610 2163 2253 2480 2640 | ACC: -16120 7196 7512 | GYRO: -980 -32768 -2246 | GDP=32859.500
FLEX: 2611 2147 2192 2356 2189 | ACC: -24 10532 1980 | GYRO: -5440 -32768 -2867 | GDP=33339.992
FLEX: 2625 2142 2210 2391 2663 | ACC: 608 5956 14328 | GYRO: -7744 -10039 -4904 | GDP=13594.126
FLEX: 2589 2132 2189 2355 2190 | ACC: -468 4688 17520 | GYRO: -4748 -12655 -2482 | GDP=13742.374
FLEX: 2611 2130 2190 2373 2672 | ACC: 568 5224 17152 | GYRO: -1673 -6534 -1576 | GDP=6926.461
FLEX: 2608 2129 2227 2355 2144 | ACC: -348 5036 16928 | GYRO: 1018 -4108 -450 | GDP=4256.112
FLEX: 2601 2123 2193 2409 2713 | ACC: 1424 4680 15784 | GYRO: 2503 -2569 -342 | GDP=3603.017
FLEX: 2608 2147 2188 2345 2127 | ACC: 1236 5080 15608 | GYRO: 2209 -2152 -597 | GDP=3141.209
FLEX: 2614 2142 2208 2397 2715 | ACC: 832 5672 17220 | GYRO: 3444 -2402 -2883 | GDP=5093.371
FLEX: 2609 2151 2193 2361 2118 | ACC: 2424 4872 16564 | GYRO: 6035 -6464 -6130 | GDP=10760.178
FLEX: 2639 2161 2190 2407 2675 | ACC: 2532 6864 14256 | GYRO: 5757 -3215 -7374 | GDP=9892.177
FLEX: 2623 2131 2192 2387 2107 | ACC: 1560 7552 13800 | GYRO: 3595 -4544 -7355 | GDP=9363.118
FLEX: 2640 2209 2207 2432 2764 | ACC: 1856 7948 13344 | GYRO: 337 -1361 -4512 | GDP=4724.832
FLEX: 2625 2167 2175 2371 2114 | ACC: 988 7160 13928 | GYRO: -1075 651 -3423 | GDP=3646.417
FLEX: 2640 2169 2199 2410 2786 | ACC: -724 6928 15728 | GYRO: -1084 2812 -461 | GDP=3048.757
FLEX: 2608 2131 2193 2358 2094 | ACC: -624 6776 15584 | GYRO: -455 570 828 | GDP=1103.408
FLEX: 2624 2157 2192 2370 2769 | ACC: -332 6568 15928 | GYRO: 308 383 2225 | GDP=2278.635
FLEX: 2607 2093 2213 2364 2095 | ACC: 172 6616 15164 | GYRO: 613 -242 2587 | GDP=2669.626
FLEX: 2622 2171 2191 2419 2799 | ACC: 348 7348 14888 | GYRO: 347 -458 3788 | GDP=3831.333
FLEX: 2624 2134 2176 2320 2090 | ACC: 888 6576 14504 | GYRO: -741 -34 6420 | GDP=6462.711
FLEX: 2639 2143 2215 2370 2707 | ACC: 880 6124 14924 | GYRO: -3210 1877 8601 | GDP=9370.402
FLEX: 2614 2162 2191 2313 2103 | ACC: 4072 5628 15676 | GYRO: -1850 -2475 5054 | GDP=5923.769
FLEX: 2677 2126 2198 2335 2786 | ACC: 4576 5500 15612 | GYRO: -459 1113 2918 | GDP=3156.608
FLEX: 2582 2144 2225 2361 2128 | ACC: 3996 4972 15872 | GYRO: 789 -1362 1737 | GDP=2344.085
FLEX: 2642 2173 2192 2384 2736 | ACC: 2908 5252 15920 | GYRO: 1375 2229 1113 | GDP=2845.669
FLEX: 2693 2115 2190 2417 2095 | ACC: 2096 6472 15520 | GYRO: 2115 -918 528 | GDP=2365.319
FLEX: 2606 2126 2189 2394 2698 | ACC: 2248 5968 15004 | GYRO: 2305 2117 1723 | GDP=3572.596
FLEX: 2534 2123 2207 2326 2166 | ACC: 2788 6392 13040 | GYRO: -190 1873 2051 | GDP=2784.031
FLEX: 2644 2139 2174 2412 2672 | ACC: 1896 6180 13704 | GYRO: -6208 658 1900 | GDP=6525.506
FLEX: 2663 2166 2183 2355 2163 | ACC: 2780 4332 17696 | GYRO: -5346 -1302 843 | GDP=5566.468
FLEX: 2624 2114 2201 2385 2630 | ACC: 2828 3224 18096 | GYRO: -621 -61 -142 | GDP=639.942
FLEX: 2650 2117 2177 2354 2202 | ACC: 1592 3848 17224 | GYRO: 2472 240 -802 | GDP=2609.902
FLEX: 2669 2113 2178 2395 2640 | ACC: 884 4608 17140 | GYRO: 4229 -12 -98 | GDP=4230.152
FLEX: 2657 2144 2176 2367 2232 | ACC: 2344 5084 15544 | GYRO: 5267 -328 166 | GDP=5279.813
FLEX: 2625 2129 2195 2389 2559 | ACC: 3104 5636 14912 | GYRO: 6088 172 -195 | GDP=6093.550
FLEX: 2640 2183 2189 2382 2241 | ACC: 3336 6580 13568 | GYRO: 4518 233 -525 | GDP=4554.364
FLEX: 2637 2181 2208 2388 2544 | ACC: 2524 7004 15924 | GYRO: 4088 285 -1572 | GDP=4389.095
FLEX: 2643 2162 2203 2331 2269 | ACC: 3096 6132 14240 | GYRO: 2985 -5 -1482 | GDP=3332.653
FLEX: 2615 2166 2175 2403 2530 | ACC: 2068 7824 15004 | GYRO: 5328 1041 -2805 | GDP=6110.588
FLEX: 2635 2149 2221 2362 2277 | ACC: 2160 7500 14452 | GYRO: 5462 2364 -2811 | GDP=6582.071
FLEX: 2603 2139 2209 2368 2473 | ACC: 1228 9224 14548 | GYRO: 2446 3946 -1926 | GDP=5026.262
FLEX: 2628 2158 2240 2378 2337 | ACC: 648 8184 14332 | GYRO: 709 5075 -2064 | GDP=5524.346
FLEX: 2606 2234 2234 2367 2469 | ACC: -228 8488 14860 | GYRO: 188 779 -1628 | GDP=1814.544
FLEX: 2629 2246 2224 2375 2334 | ACC: 376 7764 14384 | GYRO: -340 862 -1258 | GDP=1562.437
FLEX: 2622 2208 2227 2337 2439 | ACC: -600 7896 15524 | GYRO: 133 1325 -1030 | GDP=1683.512
FLEX: 2606 2265 2246 2382 2353 | ACC: 628 7732 13052 | GYRO: 513 2998 -518 | GDP=3085.368
FLEX: 2613 2258 2230 2352 2409 | ACC: -1472 8136 14472 | GYRO: -857 11366 -1672 | GDP=11520.242
FLEX: 2608 2271 2245 2371 2404 | ACC: -944 7608 13612 | GYRO: 14 8592 -1155 | GDP=8669.295
FLEX: 2559 2309 2255 2374 2386 | ACC: -3184 7948 13556 | GYRO: -1510 14765 -896 | GDP=14869.033
FLEX: 2615 2288 2246 2363 2430 | ACC: -5896 7456 15600 | GYRO: -1003 9656 152 | GDP=9709.143
FLEX: 2592 2279 2279 2370 2339 | ACC: -4856 6628 13968 | GYRO: -796 2664 153 | GDP=2784.586
FLEX: 2595 2281 2259 2389 2451 | ACC: -5112 7328 13384 | GYRO: -648 4248 -2066 | GDP=4767.994
FLEX: 2610 2272 2263 2333 2290 | ACC: -6164 7132 14456 | GYRO: -295 1669 -1256 | GDP=2109.531
FLEX: 2611 2287 2267 2386 2479 | ACC: -6560 6816 14476 | GYRO: -94 -1261 -152 | GDP=1273.602
FLEX: 2608 2257 2283 2352 2303 | ACC: -5684 6536 14560 | GYRO: 1314 -572 539 | GDP=1531.111
FLEX: 2559 2260 2241 2368 2496 | ACC: -5560 7036 13872 | GYRO: 1656 660 -92 | GDP=1785.049
FLEX: 2608 2250 2295 2337 2245 | ACC: -5724 7148 13664 | GYRO: 1524 369 367 | GDP=1610.412
FLEX: 2603 2284 2315 2365 2535 | ACC: -5396 7028 13856 | GYRO: 1146 218 687 | GDP=1353.813
FLEX: 2559 2256 2305 2335 2256 | ACC: -5244 7216 13380 | GYRO: 1365 1420 248 | GDP=1985.228
FLEX: 2592 2278 2305 2386 2533 | ACC: -5968 7456 14448 | GYRO: 2793 1480 -319 | GDP=3176.950
FLEX: 2593 2288 2302 2311 2256 | ACC: -5648 7020 13516 | GYRO: 1710 233 765 | GDP=1887.754
FLEX: 2559 2318 2274 2351 2559 | ACC: -5044 7716 12264 | GYRO: 1968 3389 -372 | GDP=3936.588
FLEX: 2582 2339 2334 2350 2219 | ACC: -6240 8008 12132 | GYRO: 1349 7584 -1627 | GDP=7872.991
FLEX: 2559 2349 2320 2291 2658 | ACC: -4328 7880 8176 | GYRO: -2450 18326 -3299 | GDP=18781.059
FLEX: 2585 2325 2331 2338 2195 | ACC: -10760 6372 12484 | GYRO: -3364 21727 -4473 | GDP=22436.281
FLEX: 2608 2343 2319 2369 2710 | ACC: -13640 6520 11832 | GYRO: -2694 19291 -2224 | GDP=19604.758
FLEX: 2592 2335 2299 2353 2155 | ACC: -12896 5704 9604 | GYRO: -846 5639 -1356 | GDP=5861.124
FLEX: 2624 2367 2297 2384 2707 | ACC: -13768 6264 9496 | GYRO: 659 3129 -595 | GDP=3252.529
FLEX: 2589 2300 2313 2356 2144 | ACC: -12120 5612 8040 | GYRO: 656 2555 1000 | GDP=2821.057
FLEX: 2631 2322 2310 2375 2731 | ACC: -12444 6340 7756 | GYRO: 936 7544 378 | GDP=7611.236
FLEX: 2587 2283 2323 2337 2106 | ACC: -13756 6392 8048 | GYRO: 417 4529 1798 | GDP=4890.658
FLEX: 2629 2295 2293 2371 2767 | ACC: -12984 5872 7348 | GYRO: 2123 7228 1488 | GDP=7678.884
FLEX: 2608 2239 2285 2341 2125 | ACC: -14100 6568 7036 | GYRO: 1242 9292 2655 | GDP=9743.349
FLEX: 2625 2256 2271 2390 2726 | ACC: -13152 6256 6472 | GYRO: 3645 8647 1607 | GDP=9520.456
FLEX: 2605 2238 2275 2330 2113 | ACC: -13976 6544 7136 | GYRO: 5632 5668 121 | GDP=7991.263
FLEX: 2611 2224 2291 2379 2738 | ACC: -13444 6436 6352 | GYRO: 8320 5073 -511 | GDP=9758.015
FLEX: 2596 2192 2275 2330 2108 | ACC: -13648 7108 4000 | GYRO: 9596 3922 -1212 | GDP=10437.156
FLEX: 2601 2234 2288 2375 2755 | ACC: -14048 6012 3296 | GYRO: 12098 1787 -2615 | GDP=12505.727
FLEX: 2592 2205 2261 2311 2071 | ACC: -15756 6172 3264 | GYRO: 12586 -2998 -3283 | GDP=13348.164
FLEX: 2623 2199 2292 2365 2766 | ACC: -18016 5788 5216 | GYRO: 20267 -17581 877 | GDP=26844.217
FLEX: 2599 2202 2229 2356 2133 | ACC: -12240 7532 -1972 | GYRO: 14738 -16816 4949 | GDP=22901.508
FLEX: 2635 2226 2281 2333 2781 | ACC: -11460 7776 56 | GYRO: 9312 379 -754 | GDP=9350.160
FLEX: 2615 2198 2301 2344 2126 | ACC: -13544 7328 -12 | GYRO: 6845 15206 -4127 | GDP=17178.725
FLEX: 2643 2209 2223 2361 2827 | ACC: -14640 7444 196 | GYRO: 7922 9230 -3301 | GDP=12603.475
FLEX: 2607 2228 2287 2403 2116 | ACC: -14820 6956 -2988 | GYRO: 7267 5206 -3532 | GDP=9611.803
FLEX: 2675 2235 2324 2416 2836 | ACC: -15340 6680 -3048 | GYRO: 7258 3976 -1895 | GDP=8489.886
FLEX: 2616 2174 2290 2361 2039 | ACC: -17564 4796 -148 | GYRO: 11603 -4239 3168 | GDP=12752.841
FLEX: 2619 2168 2272 2423 2838 | ACC: -13932 7952 -5436 | GYRO: 10690 -9338 3315 | GDP=14576.130
FLEX: 2648 2167 2282 2329 2114 | ACC: -14180 6772 -3076 | GYRO: 4817 -584 2522 | GDP=5468.549
FLEX: 2673 2187 2300 2347 2790 | ACC: -13984 8028 -3296 | GYRO: 3902 -3388 2588 | GDP=5779.437
FLEX: 2640 2153 2291 2347 2101 | ACC: -12500 7228 -3656 | GYRO: 2588 -1448 307 | GDP=2981.392
FLEX: 2626 2180 2230 2354 2775 | ACC: -14388 6600 -3100 | GYRO: -1743 478 -1887 | GDP=2612.911
FLEX: 2654 2134 2284 2373 2160 | ACC: -16028 7704 -1356 | GYRO: -378 -409 300 | GDP=632.586
FLEX: 2641 2213 2253 2378 2752 | ACC: -14076 6960 -3840 | GYRO: -2735 -173 1051 | GDP=2935.090
FLEX: 2627 2192 2273 2369 2192 | ACC: -14628 7296 -3248 | GYRO: -5566 1308 289 | GDP=5724.923
FLEX: 2592 2175 2289 2362 2708 | ACC: -14488 7652 -2596 | GYRO: -10368 3732 -562 | GDP=11033.544
FLEX: 2638 2174 2277 2354 2192 | ACC: -15776 7448 -1160 | GYRO: -16401 3521 1441 | GDP=16836.471
FLEX: 2624 2189 2256 2327 2640 | ACC: -13516 7588 -1172 | GYRO: -22146 -2060 1117 | GDP=22269.635
FLEX: 2615 2191 2258 2340 2192 | ACC: -12512 4772 2996 | GYRO: -12698 2929 -3031 | GDP=13379.282
FLEX: 2640 2176 2240 2377 2631 | ACC: -15212 7552 5308 | GYRO: -4404 -1683 206 | GDP=4719.125
FLEX: 2624 2179 2239 2368 2266 | ACC: -12964 7036 2812 | GYRO: 1352 -36 184 | GDP=1364.938
FLEX: 2622 2163 2265 2347 2607 | ACC: -14404 7996 2568 | GYRO: 1513 341 -623 | GDP=1671.400
FLEX: 2608 2176 2240 2368 2270 | ACC: -14292 7164 364 | GYRO: 451 -195 49 | GDP=493.788
FLEX: 2624 2135 2234 2385 2559 | ACC: -14396 7856 -376 | GYRO: -695 -1179 -949 | GDP=1665.433
FLEX: 2627 2187 2230 2374 2266 | ACC: -12928 3968 5508 | GYRO: -2644 -18377 -9728 | GDP=20960.412
FLEX: 2624 2194 2235 2379 2505 | ACC: -10616 6332 468 | GYRO: -4141 -5220 -15488 | GDP=16860.439
FLEX: 2656 2177 2234 2349 2320 | ACC: -16880 4628 6532 | GYRO: -5480 3350 -11966 | GDP=13580.797
FLEX: 2640 2128 2258 2354 2491 | ACC: -18636 3436 6676 | GYRO: -916 -2797 -3567 | GDP=4624.473
FLEX: 2643 2156 2243 2375 2347 | ACC: -16716 2992 4968 | GYRO: 2675 -6312 756 | GDP=6896.992
FLEX: 2624 2145 2235 2349 2469 | ACC: -14936 3092 3796 | GYRO: 368 -2922 1541 | GDP=3323.882
FLEX: 2641 2173 2261 2371 2353 | ACC: -14936 3324 5056 | GYRO: 104 -62 841 | GDP=849.671
FLEX: 2639 2128 2245 2364 2418 | ACC: -15616 3700 5448 | GYRO: -132 -2527 1719 | GDP=3059.104
FLEX: 2624 2175 2253 2371 2383 | ACC: -15196 3980 5636 | GYRO: -417 -4054 2340 | GDP=4699.405
FLEX: 2614 2160 2263 2370 2410 | ACC: -16468 3740 7024 | GYRO: -887 -9519 7180 | GDP=11956.192
FLEX: 2627 2193 2242 2354 2368 | ACC: -13264 5144 5204 | GYRO: -1974 -13599 6136 | GDP=15049.251
FLEX: 2598 2171 2253 2329 2381 | ACC: -12988 5408 7196 | GYRO: -8966 -14951 5979 | GDP=18430.139
FLEX: 2611 2179 2250 2381 2437 | ACC: -11160 4620 9992 | GYRO: -13751 -14251 6588 | GDP=20870.619
FLEX: 2611 2141 2250 2357 2324 | ACC: -9408 2976 13736 | GYRO: -8242 -13131 5902 | GDP=16588.771
FLEX: 2602 2185 2257 2379 2432 | ACC: -7612 3624 13224 | GYRO: -4336 -10000 5213 | GDP=12082.064
FLEX: 2610 2149 2229 2320 2335 | ACC: -6524 2912 13756 | GYRO: -4577 -1550 666 | GDP=4878.010
FLEX: 2610 2160 2239 2371 2517 | ACC: -7700 3176 14852 | GYRO: -634 -2013 1859 | GDP=2812.473
FLEX: 2587 2155 2225 2350 2283 | ACC: -7392 3664 13860 | GYRO: 614 470 -521 | GDP=932.382
FLEX: 2627 2175 2265 2365 2495 | ACC: -7992 3244 14304 | GYRO: -37 -1648 -27 | GDP=1648.636
FLEX: 2588 2141 2233 2337 2242 | ACC: -8036 3136 14492 | GYRO: 1807 -1497 -1002 | GDP=2551.521
FLEX: 2625 2183 2219 2355 2559 | ACC: -8912 3928 13608 | GYRO: 2757 -4630 -459 | GDP=5408.200
FLEX: 2559 2163 2253 2379 2234 | ACC: -9204 3808 14712 | GYRO: 2321 -7003 245 | GDP=7381.671
FLEX: 2617 2149 2237 2311 2618 | ACC: -7652 4296 13872 | GYRO: 2419 -7558 2793 | GDP=8412.834
FLEX: 2587 2141 2231 2355 2240 | ACC: -6664 3384 14784 | GYRO: 2042 -3915 3936 | GDP=5915.157
FLEX: 2615 2144 2238 2398 2640 | ACC: -4972 4636 14644 | GYRO: 3421 -7833 4069 | GDP=9466.566
FLEX: 2587 2131 2214 2343 2158 | ACC: -3576 5228 14780 | GYRO: -527 -3000 4120 | GDP=5123.683
FLEX: 2606 2129 2221 2384 2668 | ACC: -2292 4288 15408 | GYRO: -1815 -3149 2965 | GDP=4690.592
FLEX: 2559 2135 2224 2337 2169 | ACC: -2280 4592 15496 | GYRO: -1516 915 1165 | GDP=2119.600
FLEX: 2589 2130 2225 2393 2667 | ACC: -3764 4484 16636 | GYRO: -353 677 261 | GDP=806.882
FLEX: 2559 2129 2199 2338 2154 | ACC: -3956 3736 16132 | GYRO: -44 1196 179 | GDP=1210.121
FLEX: 2559 2151 2226 2384 2716 | ACC: -4416 4268 14664 | GYRO: -71 769 -272 | GDP=818.771
FLEX: 2559 2116 2224 2352 2131 | ACC: -5132 4820 15664 | GYRO: 1517 1310 -271 | GDP=2022.580
FLEX: 2593 2128 2161 2394 2713 | ACC: -4356 3784 15304 | GYRO: -332 916 472 | GDP=1082.619
FLEX: 2559 2148 2211 2355 2150 | ACC: -3984 4172 15484 | GYRO: 1579 -631 -242 | GDP=1717.547
FLEX: 2617 2162 2224 2390 2736 | ACC: -4296 4264 15568 | GYRO: 1328 1652 -307 | GDP=2141.714
FLEX: 2559 2155 2220 2336 2118 | ACC: -4852 4596 15148 | GYRO: 905 -566 -654 | GDP=1251.837
FLEX: 2613 2147 2230 2375 2730 | ACC: -4636 4124 15308 | GYRO: 925 -294 -249 | GDP=1002.029
FLEX: 2559 2121 2205 2352 2102 | ACC: -4692 4544 14952 | GYRO: 765 -562 -767 | GDP=1220.393
FLEX: 2607 2159 2219 2397 2755 | ACC: -4772 4912 15348 | GYRO: 822 756 522 | GDP=1232.763
FLEX: 2596 2121 2209 2356 2113 | ACC: -4608 4180 15256 | GYRO: 314 471 749 | GDP=938.849
FLEX: 2610 2157 2227 2397 2775 | ACC: -4388 4176 16132 | GYRO: 3113 453 516 | GDP=3187.826
FLEX: 2608 2150 2231 2355 2107 | ACC: -4484 4900 14756 | GYRO: 2882 1044 -172 | GDP=3070.089
FLEX: 2645 2160 2223 2416 2811 | ACC: -4852 5148 14848 | GYRO: 2944 507 -21 | GDP=2987.411
FLEX: 2606 2128 2251 2368 2096 | ACC: -4820 5228 14540 | GYRO: 2257 491 392 | GDP=2342.818
FLEX: 2615 2145 2267 2324 2782 | ACC: -4960 5672 14472 | GYRO: 1757 110 -129 | GDP=1765.160
FLEX: 2559 2126 2249 2369 2148 | ACC: -4616 5400 14864 | GYRO: 561 -138 195 | GDP=609.746
FLEX: 2639 2132 2247 2393 2794 | ACC: -4428 5132 15388 | GYRO: 1710 330 225 | GDP=1756.025
FLEX: 2559 2134 2195 2341 2160 | ACC: -4096 5160 16028 | GYRO: 5231 514 -1403 | GDP=5440.217
FLEX: 2619 2099 2202 2367 2785 | ACC: -4068 6436 13244 | GYRO: 3755 776 -1847 | GDP=4256.009
FLEX: 2546 2127 2247 2421 2097 | ACC: -5848 6472 14916 | GYRO: 2887 -1202 -1360 | GDP=3410.157
FLEX: 2599 2132 2203 2432 2832 | ACC: -5472 6672 14228 | GYRO: 2971 447 -711 | GDP=3087.421
FLEX: 2554 2097 2192 2359 2101 | ACC: -5884 6720 13320 | GYRO: 1006 -178 -543 | GDP=1156.965
FLEX: 2559 2130 2225 2410 2833 | ACC: -5500 6984 14632 | GYRO: 1678 -1317 483 | GDP=2187.113
FLEX: 2553 2129 2160 2444 2112 | ACC: -4684 5860 14196 | GYRO: 192 -586 674 | GDP=913.529
FLEX: 2607 2119 2238 2381 2740 | ACC: -4904 7272 14672 | GYRO: 1931 -824 477 | GDP=2152.967
FLEX: 2555 2110 2147 2357 2123 | ACC: -4588 6344 14396 | GYRO: 1771 -692 -344 | GDP=1932.263
FLEX: 2619 2137 2199 2382 2731 | ACC: -4612 7384 13524 | GYRO: 680 -31 882 | GDP=1114.130
FLEX: 2559 2119 2208 2368 2177 | ACC: -4996 7176 14320 | GYRO: 1869 -320 -60 | GDP=1897.146
FLEX: 2559 2109 2195 2412 2667 | ACC: -4668 7536 13084 | GYRO: -64 143 450 | GDP=476.492
FLEX: 2559 2124 2186 2375 2192 | ACC: -5048 6860 15012 | GYRO: 199 -994 206 | GDP=1034.443
FLEX: 2582 2118 2191 2383 2624 | ACC: -4072 7032 13896 | GYRO: -189 431 418 | GDP=629.449
FLEX: 2583 2129 2190 2375 2225 | ACC: -4656 6308 15044 | GYRO: 316 271 -157 | GDP=444.911
FLEX: 2610 2112 2193 2352 2583 | ACC: -4388 6912 13892 | GYRO: -147 10 -25 | GDP=149.446
FLEX: 2582 2144 2206 2368 2231 | ACC: -4640 6392 13768 | GYRO: -246 1097 140 | GDP=1132.928
FLEX: 2559 2126 2186 2373 2559 | ACC: -4592 7132 12972 | GYRO: -2482 4371 -533 | GDP=5054.706
FLEX: 2559 2142 2198 2377 2283 | ACC: -5892 6216 13984 | GYRO: -4459 2381 171 | GDP=5057.774
FLEX: 2608 2128 2183 2379 2559 | ACC: -5528 5532 15416 | GYRO: -3266 -1124 403 | GDP=3477.433
FLEX: 2556 2141 2227 2405 2291 | ACC: -4572 4728 15216 | GYRO: -1899 -1361 141 | GDP=2340.599
FLEX: 2551 2130 2219 2358 2475 | ACC: -4976 5196 15296 | GYRO: 1148 -1568 -424 | GDP=1989.046
FLEX: 2559 2109 2205 2365 2331 | ACC: -5176 5396 14644 | GYRO: 174 -1842 98 | GDP=1852.794
FLEX: 2545 2120 2228 2337 2432 | ACC: -5184 5404 15864 | GYRO: 3067 -1381 1272 | GDP=3596.058
FLEX: 2559 2128 2249 2389 2333 | ACC: -4992 5792 15024 | GYRO: 5647 771 333 | GDP=5709.110
FLEX: 2559 2139 2236 2350 2400 | ACC: -4168 7144 14376 | GYRO: 7014 -541 -68 | GDP=7035.162
FLEX: 2544 2130 2275 2355 2389 | ACC: -3896 6960 13792 | GYRO: 1988 2047 671 | GDP=2931.313
FLEX: 2559 2115 2243 2338 2396 | ACC: -4192 6904 14644 | GYRO: 3052 -294 26 | GDP=3066.238
FLEX: 2559 2165 2237 2371 2397 | ACC: -4372 6916 12224 | GYRO: 629 5553 -649 | GDP=5626.069
FLEX: 2559 2159 2270 2352 2403 | ACC: -6888 7280 15376 | GYRO: 1455 2935 103 | GDP=3277.478
FLEX: 2559 2167 2240 2352 2427 | ACC: -5316 7100 11952 | GYRO: 29 1677 830 | GDP=1871.382
FLEX: 2537 2208 2231 2366 2320 | ACC: -6240 7564 12640 | GYRO: 424 7952 313 | GDP=7969.445
FLEX: 2543 2239 2256 2351 2461 | ACC: -7688 7536 14424 | GYRO: 158 1045 1529 | GDP=1858.717
FLEX: 2558 2226 2249 2367 2299 | ACC: -5716 7072 12808 | GYRO: -616 653 1766 | GDP=1981.066
FLEX: 2535 2315 2256 2387 2512 | ACC: -5396 6948 13172 | GYRO: -842 2754 895 | GDP=3015.710
FLEX: 2526 2320 2236 2335 2256 | ACC: -6644 7140 12932 | GYRO: -685 3854 1510 | GDP=4195.550
FLEX: 2535 2366 2240 2384 2501 | ACC: -6996 6932 13712 | GYRO: -609 3092 1545 | GDP=3509.754
FLEX: 2529 2378 2253 2378 2246 | ACC: -7236 7332 13100 | GYRO: 894 7602 2812 | GDP=8154.568
FLEX: 2519 2430 2292 2391 2559 | ACC: -9108 6952 14740 | GYRO: 2000 8510 4349 | GDP=9763.908
FLEX: 2519 2384 2275 2326 2225 | ACC: -8032 6932 13160 | GYRO: 6336 13264 4522 | GDP=15379.437
FLEX: 2559 2414 2290 2382 2615 | ACC: -10952 5628 12084 | GYRO: 10130 21667 6097 | GDP=24682.975
FLEX: 2518 2363 2235 2323 2223 | ACC: -15220 7672 10572 | GYRO: 10527 22774 8241 | GDP=26408.084
FLEX: 2545 2321 2237 2366 2651 | ACC: -15052 9048 8252 | GYRO: 7741 16479 12629 | GDP=22157.891
FLEX: 2555 2321 2217 2321 2203 | ACC: -11940 9528 5032 | GYRO: 8211 12479 14971 | GDP=21148.920
FLEX: 2559 2288 2242 2395 2699 | ACC: -9164 11556 4220 | GYRO: 6105 8021 16218 | GDP=19095.312
FLEX: 2559 2246 2237 2327 2160 | ACC: -4880 13116 2604 | GYRO: 6503 6460 15940 | GDP=18387.609
FLEX: 2582 2228 2250 2383 2672 | ACC: -2048 14228 528 | GYRO: 4065 6854 12631 | GDP=14934.647
FLEX: 2598 2187 2192 2340 2177 | ACC: -1372 15340 -120 | GYRO: 5245 8960 10513 | GDP=14775.479
FLEX: 2585 2203 2225 2401 2740 | ACC: 168 15284 -1372 | GYRO: 2617 7049 8638 | GDP=11452.167
FLEX: 2586 2138 2223 2356 2143 | ACC: 584 15272 -1044 | GYRO: 4047 12133 6548 | GDP=14368.862
FLEX: 2559 2132 2222 2389 2741 | ACC: -452 15380 228 | GYRO: 8014 11291 4970 | GDP=14710.940
FLEX: 2559 2161 2210 2370 2133 | ACC: -852 16652 -2856 | GYRO: 3139 12879 2822 | GDP=13553.067
FLEX: 2559 2163 2210 2438 2755 | ACC: -1228 16616 -1340 | GYRO: 4847 3626 2138 | GDP=6419.683
FLEX: 2559 2126 2220 2370 2112 | ACC: -1292 17152 -2608 | GYRO: 3186 1439 964 | GDP=3626.377
FLEX: 2617 2124 2253 2418 2766 | ACC: -2020 16244 -2084 | GYRO: 3124 22 889 | GDP=3248.104
FLEX: 2590 2122 2258 2365 2112 | ACC: -1172 16364 -3232 | GYRO: 1729 -1082 94 | GDP=2041.813
FLEX: 2559 2155 2267 2401 2781 | ACC: -848 16124 -3432 | GYRO: 2079 -2400 -250 | GDP=3185.081
FLEX: 2559 2167 2244 2371 2096 | ACC: -1188 15380 -2656 | GYRO: 2067 -565 -300 | GDP=2163.727
FLEX: 2555 2204 2271 2382 2779 | ACC: -152 15660 -4440 | GYRO: 1737 -57 -686 | GDP=1868.426
FLEX: 2559 2256 2229 2348 2118 | ACC: -2600 15392 -4120 | GYRO: 2352 517 -1053 | GDP=2628.308
FLEX: 2559 2335 2259 2359 2797 | ACC: -2308 16124 -4172 | GYRO: 904 287 82 | GDP=952.003
FLEX: 2547 2294 2237 2351 2114 | ACC: -2000 16304 -5096 | GYRO: 258 745 31 | GDP=789.018
FLEX: 2559 2288 2260 2361 2787 | ACC: -884 16084 -5672 | GYRO: -1458 133 145 | GDP=1471.217
FLEX: 2519 2275 2260 2351 2135 | ACC: -2152 16200 -3784 | GYRO: -741 586 473 | GDP=1056.506
FLEX: 2559 2276 2261 2399 2811 | ACC: -1896 15684 -3012 | GYRO: -3774 -222 860 | GDP=3877.107
FLEX: 2537 2229 2267 2352 2099 | ACC: -328 15976 -3060 | GYRO: -1583 -100 -5 | GDP=1586.163
FLEX: 2595 2233 2269 2423 2816 | ACC: -1528 15596 -1628 | GYRO: -2026 1247 -211 | GDP=2388.348
FLEX: 2559 2236 2256 2344 2056 | ACC: -828 16328 -2856 | GYRO: 482 767 -703 | GDP=1146.657
FLEX: 2559 2286 2317 2344 2781 | ACC: -1724 16064 -2308 | GYRO: -449 907 -884 | GDP=1343.766
FLEX: 2533 2238 2313 2359 2108 | ACC: -1788 15792 -1948 | GYRO: -533 -1097 -1801 | GDP=2175.109
FLEX: 2544 2177 2345 2382 2763 | ACC: -2752 16488 -2612 | GYRO: -455 1025 -777 | GDP=1364.324
FLEX: 2583 2180 2347 2350 2126 | ACC: -2512 15988 -1848 | GYRO: 61 164 -288 | GDP=336.988
FLEX: 2559 2197 2344 2429 2772 | ACC: -2200 16392 -1928 | GYRO: 1985 -206 18 | GDP=1995.742
FLEX: 2541 2199 2323 2379 2169 | ACC: -2540 16132 -1880 | GYRO: 914 -232 66 | GDP=945.292
FLEX: 2559 2140 2313 2352 2697 | ACC: -1088 16776 -3588 | GYRO: 888 -1878 -211 | GDP=2088.049
FLEX: 2591 2190 2315 2320 2181 | ACC: -1964 15660 -1804 | GYRO: -335 145 -103 | GDP=379.287
FLEX: 2553 2190 2316 2399 2650 | ACC: -1012 16676 -3576 | GYRO: -70 -842 -1116 | GDP=1399.757
FLEX: 2559 2166 2302 2378 2178 | ACC: -2752 15684 -2156 | GYRO: -1918 -446 -878 | GDP=2156.044
FLEX: 2544 2170 2253 2386 2670 | ACC: -1424 16028 -2752 | GYRO: -2109 1337 -796 | GDP=2620.890
FLEX: 2545 2194 2252 2379 2245 | ACC: -2740 15720 -1096 | GYRO: -1763 2054 -1283 | GDP=2995.526
FLEX: 2533 2160 2237 2382 2608 | ACC: -2524 16764 -2368 | GYRO: -5247 2796 -1036 | GDP=6035.058
FLEX: 2559 2180 2256 2384 2257 | ACC: -2528 16264 -668 | GYRO: -5326 1995 -529 | GDP=5711.930
FLEX: 2533 2172 2265 2374 2594 | ACC: -2480 15920 788 | GYRO: -5357 1518 -1092 | GDP=5673.997
FLEX: 2558 2150 2271 2417 2245 | ACC: -3072 15332 2528 | GYRO: 1490 -1535 -1818 | GDP=2807.392
FLEX: 2538 2158 2255 2359 2530 | ACC: -2628 15904 44 | GYRO: 3265 431 -851 | GDP=3401.498
FLEX: 2525 2130 2268 2383 2302 | ACC: -3952 15420 1048 | GYRO: 2204 -591 -1790 | GDP=2900.172
FLEX: 2527 2111 2278 2354 2522 | ACC: -3400 16240 -1044 | GYRO: 2215 -4259 -1787 | GDP=5122.370
FLEX: 2541 2093 2257 2374 2327 | ACC: -4724 15924 1560 | GYRO: 1401 -7574 -2036 | GDP=7967.030
FLEX: 2533 2103 2224 2363 2505 | ACC: -3364 16128 -924 | GYRO: -638 -2720 -1374 | GDP=3113.410
FLEX: 2551 2106 2253 2416 2327 | ACC: -4376 16740 236 | GYRO: -153 -4069 -1380 | GDP=4299.369
FLEX: 2535 2081 2246 2355 2450 | ACC: -4636 15840 900 | GYRO: 917 -987 -589 | GDP=1470.367
FLEX: 2519 2099 2242 2401 2360 | ACC: -3660 16276 -668 | GYRO: 798 -330 306 | GDP=916.155
FLEX: 2546 2112 2219 2394 2427 | ACC: -4444 15756 692 | GYRO: 572 -1015 -398 | GDP=1231.184
FLEX: 2535 2114 2224 2388 2362 | ACC: -3576 16128 -256 | GYRO: -1525 -560 371 | GDP=1666.393
FLEX: 2531 2160 2231 2389 2420 | ACC: -3892 15892 852 | GYRO: -733 213 127 | GDP=773.813
FLEX: 2554 2149 2225 2401 2402 | ACC: -3012 15972 744 | GYRO: -1518 132 358 | GDP=1565.219
FLEX: 2528 2108 2212 2359 2405 | ACC: -4112 15372 2076 | GYRO: 797 649 -872 | GDP=1347.885
FLEX: 2543 2193 2218 2387 2462 | ACC: -3412 16048 184 | GYRO: -1211 -934 -312 | GDP=1560.840
FLEX: 2523 2139 2230 2367 2334 | ACC: -3172 15116 392 | GYRO: 631 -2170 -2421 | GDP=3311.843
FLEX: 2553 2159 2251 2371 2463 | ACC: -3932 16336 724 | GYRO: -2740 -4373 -4069 | GDP=6571.719
FLEX: 2538 2149 2224 2371 2292 | ACC: -6060 16040 2512 | GYRO: -2371 -14553 -5525 | GDP=15746.019
FLEX: 2547 2157 2256 2406 2542 | ACC: -4288 17144 924 | GYRO: -6234 -13329 -3221 | GDP=15063.195
FLEX: 2539 2119 2241 2352 2339 | ACC: -5008 15332 5808 | GYRO: -5610 -12107 -2910 | GDP=13657.220
FLEX: 2525 2160 2267 2439 2541 | ACC: -4164 16360 5140 | GYRO: -524 -15120 -2513 | GDP=15336.367
FLEX: 2528 2141 2259 2342 2286 | ACC: -2456 14648 2984 | GYRO: -4050 -9416 490 | GDP=10261.757
FLEX: 2539 2157 2287 2369 2545 | ACC: -2492 14328 6500 | GYRO: -1112 152 -316 | GDP=1165.978
FLEX: 2545 2197 2290 2365 2269 | ACC: -3172 14048 6416 | GYRO: -2805 2866 -1283 | GDP=4210.472
FLEX: 2517 2203 2291 2403 2646 | ACC: -2544 14160 6660 | GYRO: 509 10241 -2585 | GDP=10574.469
FLEX: 2531 2214 2310 2350 2224 | ACC: -4068 13400 7196 | GYRO: -1625 10170 -3037 | GDP=10737.452
FLEX: 2548 2271 2308 2375 2704 | ACC: -4068 13804 5116 | GYRO: 1888 14289 -3239 | GDP=14772.649
FLEX: 2527 2242 2320 2318 2211 | ACC: -8084 12692 6620 | GYRO: -1420 11428 -4625 | GDP=12409.924
FLEX: 2554 2259 2368 2379 2674 | ACC: -7852 11980 4880 | GYRO: 934 5818 -5149 | GDP=7825.195
FLEX: 2549 2255 2261 2356 2190 | ACC: -9128 10300 5268 | GYRO: -797 3938 -3976 | GDP=5652.577
FLEX: 2559 2242 2293 2374 2698 | ACC: -8572 10980 2532 | GYRO: 1245 5451 -4025 | GDP=6889.416
FLEX: 2559 2235 2256 2354 2189 | ACC: -16008 11992 3068 | GYRO: 2716 5543 -5678 | GDP=8386.965
FLEX: 2589 2235 2274 2352 2701 | ACC: -10948 12800 996 | GYRO: -1677 480 2038 | GDP=2682.568
FLEX: 2559 2223 2252 2354 2163 | ACC: -8872 11152 5564 | GYRO: 178 2835 513 | GDP=2886.534
FLEX: 2611 2217 2257 2397 2768 | ACC: -11508 14428 3692 | GYRO: 174 -1560 -907 | GDP=1812.878
FLEX: 2588 2190 2253 2346 2128 | ACC: -9204 13704 3148 | GYRO: -716 -1244 99 | GDP=1438.747
FLEX: 2543 2195 2261 2396 2805 | ACC: -10864 12624 4796 | GYRO: 250 721 658 | GDP=1007.623
FLEX: 2596 2163 2257 2346 2146 | ACC: -10124 11696 5280 | GYRO: 1748 -2190 1452 | GDP=3155.932
FLEX: 2609 2179 2273 2384 2762 | ACC: -10008 12612 6532 | GYRO: 2641 -1036 1688 | GDP=3301.139
FLEX: 2595 2154 2242 2371 2134 | ACC: -9504 12664 7620 | GYRO: 3947 -868 2231 | GDP=4616.231
FLEX: 2620 2158 2252 2405 2785 | ACC: -9872 12296 7564 | GYRO: 7933 728 2950 | GDP=8494.997
FLEX: 2611 2141 2245 2359 2129 | ACC: -10668 11884 5100 | GYRO: 11520 1687 4000 | GDP=12310.823
FLEX: 2617 2148 2256 2400 2783 | ACC: -8472 10816 3988 | GYRO: 12903 1481 8080 | GDP=15295.985
FLEX: 2603 2137 2243 2374 2128 | ACC: -6564 12932 -2304 | GYRO: 16293 6659 8020 | GDP=19342.299
FLEX: 2609 2131 2246 2427 2790 | ACC: -5872 14464 -6432 | GYRO: 15424 11355 11023 | GDP=22098.469
FLEX: 2626 2131 1535 2361 2128 | ACC: -2552 13984 -10132 | GYRO: 9085 5651 9175 | GDP=14094.384
FLEX: 2623 2135 2247 2395 2817 | ACC: -2216 14828 -7804 | GYRO: 3768 2564 6743 | GDP=8138.794
FLEX: 2626 2159 2214 2378 2087 | ACC: -572 14372 -5948 | GYRO: 713 117 3225 | GDP=3304.948
FLEX: 2611 2140 2231 2435 2832 | ACC: -1964 15240 -5752 | GYRO: 275 1203 653 | GDP=1396.153
FLEX: 2559 2107 2257 2391 2117 | ACC: -3160 15180 -4140 | GYRO: -639 1087 542 | GDP=1372.463
FLEX: 2618 2125 2287 2435 2819 | ACC: -2900 15248 -4120 | GYRO: -98 1325 -152 | GDP=1337.286
FLEX: 2552 2141 2154 2377 2116 | ACC: -2460 14916 -4752 | GYRO: 17 -242 -1017 | GDP=1045.534
FLEX: 2625 2156 2241 2407 2834 | ACC: -3356 15416 -5024 | GYRO: 443 1967 -1243 | GDP=2368.625
FLEX: 2631 2106 2238 2384 2127 | ACC: -3952 15188 -4272 | GYRO: -122 1065 -937 | GDP=1423.755
FLEX: 2604 2163 2227 2345 2793 | ACC: -3444 15212 -4228 | GYRO: 916 925 -929 | GDP=1599.288
FLEX: 2605 2075 2256 2438 2145 | ACC: -4284 15392 -4128 | GYRO: 717 2515 -664 | GDP=2698.187
FLEX: 2640 2085 2275 2337 2796 | ACC: -4380 15484 -4096 | GYRO: 1279 75 -496 | GDP=1373.857
