# label=One
# timestamp=1763139147.917561
# format: FLEX: f1 f2 f3 f4 f5 | ACC: ax ay az | GYRO: gx gy gz | GDP=val
FLEX: 2745 0 2559 2491 2735 | ACC: 176 10176 13156 | GYRO: 63 -983 915 | GDP=1344.427
FLEX: 2705 0 2555 2381 2539 | ACC: 228 10168 13288 | GYRO: 174 -431 775 | GDP=903.694
FLEX: 2734 0 2609 2490 2711 | ACC: 408 10144 13168 | GYRO: 358 -847 947 | GDP=1319.993
FLEX: 2693 0 2505 2314 2559 | ACC: 468 10040 13140 | GYRO: 402 -590 791 | GDP=1065.544
FLEX: 2731 0 2626 2529 2736 | ACC: 632 10020 12792 | GYRO: 91 -306 645 | GDP=719.682
FLEX: 2693 0 2519 2350 2544 | ACC: 416 9904 13284 | GYRO: 129 -681 650 | GDP=950.212
FLEX: 2727 0 2620 2502 2711 | ACC: 980 9748 13388 | GYRO: 103 -360 258 | GDP=454.723
FLEX: 2740 0 2529 2349 2505 | ACC: 1088 9648 13652 | GYRO: 222 68 -70 | GDP=242.504
FLEX: 2727 0 2614 2545 2699 | ACC: 604 9944 13560 | GYRO: 595 37 -50 | GDP=598.242
FLEX: 2708 0 2500 2363 2499 | ACC: 548 10096 13436 | GYRO: 770 9 -69 | GDP=773.138
FLEX: 2741 0 2624 2518 2674 | ACC: 716 9976 13052 | GYRO: 513 78 85 | GDP=525.812
FLEX: 2706 0 2512 2415 2539 | ACC: 832 9920 13240 | GYRO: 543 -399 296 | GDP=735.980
FLEX: 2738 0 2559 2551 2679 | ACC: 596 9912 13548 | GYRO: 364 209 141 | GDP=442.784
FLEX: 2710 0 2507 2378 2544 | ACC: 948 9764 13348 | GYRO: 462 -246 153 | GDP=545.315
FLEX: 2737 0 2594 2514 2719 | ACC: 1104 9688 13652 | GYRO: 401 209 50 | GDP=454.953
FLEX: 2640 0 2481 2386 2499 | ACC: 736 9864 13516 | GYRO: 1099 268 -373 | GDP=1191.115
FLEX: 2774 0 2583 2547 2736 | ACC: 572 10060 12976 | GYRO: 699 352 -277 | GDP=830.201
FLEX: 2716 0 2533 2350 2529 | ACC: 452 9844 13308 | GYRO: 848 -151 133 | GDP=871.547
FLEX: 2765 0 2595 2546 2729 | ACC: 612 9816 13200 | GYRO: 735 -155 145 | GDP=765.033
FLEX: 2727 0 2559 2361 2541 | ACC: 448 9896 13348 | GYRO: 552 87 284 | GDP=626.841
FLEX: 2726 0 2583 2540 2746 | ACC: 1024 10004 13216 | GYRO: 586 -89 138 | GDP=608.573
FLEX: 2769 0 2477 2332 2534 | ACC: 1032 9772 13416 | GYRO: 684 -104 -9 | GDP=691.920
FLEX: 2720 0 2559 2513 2672 | ACC: 748 9728 13592 | GYRO: 768 2 -271 | GDP=814.413
FLEX: 2717 0 2432 2353 2526 | ACC: 416 9996 13164 | GYRO: 685 96 -233 | GDP=729.884
FLEX: 2726 0 2516 2491 2708 | ACC: 448 9828 13644 | GYRO: 520 -355 162 | GDP=650.130
FLEX: 2689 0 2531 2422 2542 | ACC: 660 9840 13352 | GYRO: 739 39 45 | GDP=741.395
FLEX: 2730 0 2608 2535 2736 | ACC: 892 9880 13072 | GYRO: 606 194 72 | GDP=640.356
FLEX: 2727 0 2555 2391 2505 | ACC: 752 9968 13428 | GYRO: 508 -281 286 | GDP=647.164
FLEX: 2716 0 2559 2591 2723 | ACC: 1200 9576 13472 | GYRO: 344 139 8 | GDP=371.108
FLEX: 2767 0 2559 2397 2535 | ACC: 884 9740 13420 | GYRO: 661 89 -372 | GDP=763.692
FLEX: 2746 0 2556 2480 2704 | ACC: 296 9928 13520 | GYRO: 699 104 -252 | GDP=750.281
FLEX: 2736 0 2512 2382 2555 | ACC: 500 10024 13196 | GYRO: 548 -294 238 | GDP=665.871
FLEX: 2767 0 2553 2463 2695 | ACC: 712 9736 13428 | GYRO: 685 -152 206 | GDP=731.276
FLEX: 2664 0 2518 2442 2529 | ACC: 652 9992 13108 | GYRO: 638 171 74 | GDP=664.651
FLEX: 2727 0 2559 2506 2686 | ACC: 924 9896 13268 | GYRO: 368 -236 335 | GDP=550.768
FLEX: 2691 0 2535 2367 2559 | ACC: 1180 9708 13444 | GYRO: 477 -136 71 | GDP=501.065
FLEX: 2723 0 2559 2539 2694 | ACC: 980 9656 13472 | GYRO: 735 263 -346 | GDP=853.879
FLEX: 2720 0 2544 2368 2501 | ACC: 480 10044 13284 | GYRO: 595 0 -221 | GDP=634.717
FLEX: 2709 0 2543 2480 2665 | ACC: 532 9868 13412 | GYRO: 565 -308 150 | GDP=660.749
FLEX: 2711 0 2530 2363 2559 | ACC: 700 9788 13424 | GYRO: 837 75 136 | GDP=851.287
FLEX: 2738 0 2553 2455 2670 | ACC: 756 9672 13128 | GYRO: 687 -125 139 | GDP=711.980
FLEX: 2695 0 2538 2381 2549 | ACC: 996 9824 13396 | GYRO: 350 -64 272 | GDP=447.862
FLEX: 2691 0 2559 2512 2672 | ACC: 1168 9784 13656 | GYRO: 566 -782 296 | GDP=1009.701
FLEX: 2721 0 2512 2397 2543 | ACC: 940 9656 13700 | GYRO: 438 336 -385 | GDP=673.027
FLEX: 2733 0 2559 2499 2655 | ACC: 1032 9788 13180 | GYRO: 259 702 -670 | GDP=1004.383
FLEX: 2731 0 2515 2509 2624 | ACC: 2316 9896 11388 | GYRO: -81 2767 -1259 | GDP=3041.041
FLEX: 2734 0 2586 2614 2741 | ACC: 1236 9196 11136 | GYRO: -3297 20804 -6779 | GDP=22127.617
FLEX: 2691 0 2522 2617 2683 | ACC: -2184 8624 11244 | GYRO: -4587 28504 -9687 | GDP=30452.529
FLEX: 2715 0 2529 2634 2779 | ACC: -7544 8388 14560 | GYRO: -2703 18350 -6912 | GDP=19794.051
FLEX: 2730 0 2557 2611 2709 | ACC: -8632 7784 12060 | GYRO: -2478 17713 -6124 | GDP=18904.873
FLEX: 2705 0 2502 2637 2781 | ACC: -12920 6816 15288 | GYRO: -105 3723 -3088 | GDP=4838.129
FLEX: 2713 0 2558 2624 2653 | ACC: -7920 6800 9280 | GYRO: 13 811 -2254 | GDP=2395.497
FLEX: 2717 0 2522 2641 2779 | ACC: -12124 7020 13012 | GYRO: -296 -35 -1539 | GDP=1567.598
FLEX: 2723 0 2547 2603 2704 | ACC: -9196 6756 10876 | GYRO: 328 -2139 548 | GDP=2232.310
FLEX: 2736 0 2526 2639 2794 | ACC: -9204 6460 12056 | GYRO: -157 -20 293 | GDP=333.014
FLEX: 2741 0 2544 2602 2699 | ACC: -9340 6888 12572 | GYRO: 727 -1478 559 | GDP=1739.395
FLEX: 2686 2016 2587 2675 2763 | ACC: -9108 6700 12396 | GYRO: 116 -50 789 | GDP=799.048
FLEX: 2703 2022 2611 2657 2692 | ACC: -9268 6796 13040 | GYRO: 1691 -3781 1302 | GDP=4341.733
FLEX: 2682 2026 2635 2698 2775 | ACC: -7904 7456 11408 | GYRO: 2064 -3448 718 | GDP=4082.196
FLEX: 2683 2021 2703 2723 2714 | ACC: -9064 7572 12484 | GYRO: 1589 -3192 1172 | GDP=3753.314
FLEX: 2670 2000 2685 2720 2773 | ACC: -6456 7312 11052 | GYRO: 811 -3135 1399 | GDP=3527.485
FLEX: 2649 2016 2679 2745 2747 | ACC: -8408 7776 13228 | GYRO: 700 -188 873 | GDP=1134.669
FLEX: 2654 1984 2637 2709 2779 | ACC: -7792 7316 13440 | GYRO: 2215 -2682 1368 | GDP=3737.750
FLEX: 2689 2026 2640 2702 2715 | ACC: -5196 7504 11708 | GYRO: 2231 -1132 7 | GDP=2501.766
FLEX: 2685 2002 2640 2694 2752 | ACC: -6024 8484 12236 | GYRO: -1127 -2372 -1504 | GDP=3026.306
FLEX: 2718 2000 2611 2690 2711 | ACC: -6072 7392 13028 | GYRO: -526 -4849 -2006 | GDP=5273.852
FLEX: 2713 1998 2637 2685 2754 | ACC: -6352 7756 13828 | GYRO: -137 -8069 -1250 | GDP=8166.396
FLEX: 2716 83 2622 2667 2743 | ACC: -5284 6992 13948 | GYRO: 538 1276 -1461 | GDP=2012.993
FLEX: 2720 0 2598 2645 2735 | ACC: -8012 6576 16736 | GYRO: 2949 2893 -296 | GDP=4141.698
FLEX: 2756 0 2614 2673 2740 | ACC: -7408 7396 15324 | GYRO: 5130 2781 -263 | GDP=5841.235
FLEX: 2766 0 2599 2616 2730 | ACC: -8244 7576 15920 | GYRO: 7332 6123 1261 | GDP=9635.324
FLEX: 2800 0 2615 2639 2752 | ACC: -6496 8684 13772 | GYRO: 8674 5632 2571 | GDP=10656.816
FLEX: 2800 0 2559 2622 2686 | ACC: -5104 8104 13812 | GYRO: 10550 6435 71 | GDP=12357.862
FLEX: 2837 0 2599 2623 2752 | ACC: -5716 8368 11236 | GYRO: 11931 8954 -1645 | GDP=15007.629
FLEX: 2832 0 2559 2589 2696 | ACC: -7588 9404 7272 | GYRO: 11890 7377 -3647 | GDP=14460.043
FLEX: 2832 0 2608 2642 2752 | ACC: -9040 11384 6104 | GYRO: 8298 4462 -4063 | GDP=10260.322
FLEX: 2804 0 2535 2625 2706 | ACC: -8192 10056 6664 | GYRO: 6796 -1071 -2280 | GDP=7247.831
FLEX: 2832 0 2595 2657 2789 | ACC: -8560 10496 6104 | GYRO: 5365 -2448 -3798 | GDP=7014.323
FLEX: 2803 0 2582 2586 2667 | ACC: -8844 10296 4868 | GYRO: 3627 -3060 -5209 | GDP=7046.446
FLEX: 2834 0 2624 2624 2785 | ACC: -11064 10312 3516 | GYRO: 2615 -2166 -6892 | GDP=7683.062
FLEX: 2788 0 2549 2591 2694 | ACC: -16156 8652 4508 | GYRO: 914 2243 -5045 | GDP=5596.291
FLEX: 2818 0 2589 2656 2800 | ACC: -17772 9308 3768 | GYRO: -24 5462 627 | GDP=5497.922
FLEX: 2779 0 2533 2587 2671 | ACC: -15164 9828 2592 | GYRO: -1215 11440 4080 | GDP=12206.401
FLEX: 2800 0 2594 2646 2819 | ACC: -13900 10056 2548 | GYRO: -2838 14915 7716 | GDP=17030.799
FLEX: 2741 0 2544 2559 2667 | ACC: -12760 9720 2380 | GYRO: -3552 16842 7391 | GDP=18732.232
FLEX: 2791 0 2615 2620 2801 | ACC: -11680 10844 1092 | GYRO: -4059 16992 8493 | GDP=19425.102
FLEX: 2765 0 2550 2550 2652 | ACC: -9988 11084 -200 | GYRO: -5872 15989 8135 | GDP=18876.090
FLEX: 2794 0 2598 2623 2835 | ACC: -11232 11448 1244 | GYRO: -6480 14461 6717 | GDP=17211.305
FLEX: 2754 0 2559 2559 2640 | ACC: -8508 12724 -876 | GYRO: -8724 6667 7471 | GDP=13280.546
FLEX: 2779 0 2599 2559 2816 | ACC: -4948 10740 -2400 | GYRO: -10998 20308 6099 | GDP=23886.578
FLEX: 2740 0 2513 2510 2625 | ACC: -3704 12096 860 | GYRO: -14134 21821 1948 | GDP=26071.453
FLEX: 2765 0 2624 2626 2832 | ACC: -8568 11748 10880 | GYRO: -7507 15804 -4697 | GDP=18115.830
FLEX: 2737 0 2533 2496 2650 | ACC: -9252 12132 5748 | GYRO: 326 5849 -8932 | GDP=10681.652
FLEX: 2768 0 2541 2603 2800 | ACC: -16448 12744 68 | GYRO: 1602 5341 -6634 | GDP=8666.178
FLEX: 2725 0 2507 2519 2623 | ACC: -20112 13592 224 | GYRO: -1633 1427 -26 | GDP=2168.800
FLEX: 2764 0 2624 2607 2837 | ACC: -12736 13044 -3132 | GYRO: -3444 -409 3503 | GDP=4929.445
FLEX: 2741 0 2507 2480 2624 | ACC: -11804 12484 -1568 | GYRO: -7296 -444 5012 | GDP=8862.781
FLEX: 2738 0 2602 2582 2841 | ACC: -9920 11936 1136 | GYRO: -7676 -2637 3734 | GDP=8934.064
FLEX: 2725 0 2512 2507 2628 | ACC: -8916 12648 2048 | GYRO: -7865 -860 3044 | GDP=8477.250
FLEX: 2759 0 2539 2605 2857 | ACC: -8076 11984 2532 | GYRO: -7031 -2421 2144 | GDP=7739.053
FLEX: 2735 0 2487 2480 2605 | ACC: -8824 12828 4252 | GYRO: -8391 -5356 1250 | GDP=10032.852
FLEX: 2757 0 2653 2615 2843 | ACC: -5400 12384 2136 | GYRO: -10317 -3655 -11 | GDP=10945.302
FLEX: 2733 0 2510 2500 2595 | ACC: -8524 10584 9784 | GYRO: -12410 -8747 -2621 | GDP=15407.393
FLEX: 2737 0 2559 2631 2859 | ACC: -5152 9996 8844 | GYRO: -9510 -5681 -1895 | GDP=11238.544
FLEX: 2721 0 2462 2507 2611 | ACC: -12364 9936 15052 | GYRO: -4701 2082 -2719 | GDP=5816.105
FLEX: 2754 0 2559 2600 2809 | ACC: -10008 10508 11564 | GYRO: -294 -2600 -676 | GDP=2702.483
FLEX: 2710 0 2501 2489 2559 | ACC: -9752 10840 10660 | GYRO: -1 1204 575 | GDP=1334.257
FLEX: 2740 0 2597 2603 2865 | ACC: -9320 11452 10380 | GYRO: 1337 -1976 1091 | GDP=2623.438
FLEX: 2721 0 2490 2479 2559 | ACC: -9276 12520 11980 | GYRO: 1167 -2966 2040 | GDP=3784.263
FLEX: 2747 0 2589 2626 2860 | ACC: -8424 13456 11472 | GYRO: 2585 -3732 2900 | GDP=5387.026
FLEX: 2704 0 2480 2510 2559 | ACC: -7228 13404 10892 | GYRO: 2960 -3916 4148 | GDP=6426.707
FLEX: 2734 0 2559 2621 2874 | ACC: -6108 14164 8568 | GYRO: 2888 -839 3436 | GDP=4566.241
FLEX: 2684 0 2495 2479 2604 | ACC: -6856 12256 10492 | GYRO: 2606 -2723 4198 | GDP=5641.734
FLEX: 2752 0 2595 2619 2863 | ACC: -4740 12052 8216 | GYRO: 3320 -2319 3613 | GDP=5427.147
FLEX: 2699 0 2492 2491 2593 | ACC: -3928 10992 7776 | GYRO: 4955 4195 1581 | GDP=6682.036
FLEX: 2752 0 2593 2609 2874 | ACC: -3320 10472 8396 | GYRO: 5802 3677 281 | GDP=6874.772
FLEX: 2733 0 2470 2491 2588 | ACC: -4180 9564 8032 | GYRO: 8750 12400 -2065 | GDP=15316.224
FLEX: 2772 0 2592 2654 2875 | ACC: -4228 8672 6776 | GYRO: 9610 7427 -2952 | GDP=12499.069
FLEX: 2721 0 2487 2483 2559 | ACC: -5860 8352 4960 | GYRO: 10359 11459 -6785 | GDP=16871.686
FLEX: 2737 0 2523 2623 2867 | ACC: -6916 8872 3836 | GYRO: 9278 2758 -7656 | GDP=12341.077
FLEX: 2721 0 2480 2497 2595 | ACC: -9992 9596 1836 | GYRO: 8810 4010 -11648 | GDP=15145.035
FLEX: 2752 0 2544 2604 2873 | ACC: -15912 6464 -1908 | GYRO: 5114 -1520 -14342 | GDP=15302.168
FLEX: 2725 2027 2453 2480 2609 | ACC: -22960 10800 -796 | GYRO: 4515 2780 -5494 | GDP=7635.291
FLEX: 2731 2033 2558 2640 2897 | ACC: -18060 10584 416 | GYRO: 2669 -3463 4302 | GDP=6133.770
FLEX: 2704 2038 2480 2375 2559 | ACC: -13348 10888 1888 | GYRO: 2290 1073 6644 | GDP=7109.020
FLEX: 2749 2021 2559 2637 2899 | ACC: -13520 11400 2768 | GYRO: 3711 1256 6336 | GDP=7449.426
FLEX: 2678 2032 2507 2469 2544 | ACC: -12244 11792 2988 | GYRO: 4391 -169 8466 | GDP=9538.479
FLEX: 2789 2032 2607 2655 2819 | ACC: -10764 11956 1832 | GYRO: 6417 -574 9605 | GDP=11565.612
FLEX: 2737 2055 2537 2431 2559 | ACC: -9692 12220 900 | GYRO: 7342 -288 10112 | GDP=12499.618
FLEX: 2727 1972 2601 2608 2922 | ACC: -7144 12980 -652 | GYRO: 7964 -775 11379 | GDP=13910.700
FLEX: 2710 0 2461 2446 2544 | ACC: -3848 13832 -1412 | GYRO: 6677 736 11302 | GDP=13147.594
FLEX: 2706 0 2607 2643 2896 | ACC: 1292 14060 -4764 | GYRO: 5548 14774 8213 | GDP=17790.580
FLEX: 2725 0 2472 2508 2627 | ACC: -3668 14920 -3380 | GYRO: 6562 21226 6008 | GDP=23015.189
FLEX: 2796 0 2603 2605 2837 | ACC: -612 15264 -7536 | GYRO: 7055 10744 5278 | GDP=13894.741
FLEX: 2713 0 2459 2481 2551 | ACC: 292 15256 -8960 | GYRO: 3725 5284 2778 | GDP=7036.587
FLEX: 2757 0 2559 2592 2844 | ACC: -44 14720 -8756 | GYRO: 781 801 569 | GDP=1255.119
FLEX: 2705 0 2441 2525 2556 | ACC: -120 15440 -9368 | GYRO: -1632 1545 -1121 | GDP=2511.392
FLEX: 2710 0 2622 2583 2847 | ACC: -3636 14968 -5012 | GYRO: -3342 -459 -1701 | GDP=3777.969
FLEX: 2704 0 2479 2455 2554 | ACC: -3572 15176 -4660 | GYRO: -2791 -101 -935 | GDP=2945.184
FLEX: 2699 0 2518 2633 2807 | ACC: -4536 15148 -2804 | GYRO: -1970 -534 23 | GDP=2041.221
FLEX: 2719 0 2481 2512 2605 | ACC: -3208 15588 -3396 | GYRO: -1632 -1305 1299 | GDP=2460.457
FLEX: 2754 0 2535 2609 2835 | ACC: -3216 15648 -2084 | GYRO: -336 -403 1584 | GDP=1668.641
FLEX: 2699 0 2480 2546 2587 | ACC: -1052 15624 -3772 | GYRO: 554 453 1144 | GDP=1349.393
FLEX: 2746 0 2597 2631 2820 | ACC: -1576 15528 -3464 | GYRO: 824 -599 87 | GDP=1022.422
FLEX: 2726 0 2509 2523 2615 | ACC: -1652 15992 -4780 | GYRO: 347 -124 -429 | GDP=565.532
FLEX: 2719 0 2558 2619 2803 | ACC: -2052 15596 -4108 | GYRO: -86 -161 -748 | GDP=769.949
FLEX: 2717 0 2507 2542 2597 | ACC: -2244 15552 -4112 | GYRO: 70 -22 -994 | GDP=996.705
FLEX: 2688 0 2584 2628 2791 | ACC: -3332 15784 -3464 | GYRO: 17 76 -778 | GDP=781.888
FLEX: 2726 0 2507 2544 2610 | ACC: -3196 15764 -3552 | GYRO: 221 -88 -460 | GDP=517.866
FLEX: 2713 0 2559 2633 2751 | ACC: -3096 15580 -3300 | GYRO: 61 581 13 | GDP=584.338
FLEX: 2699 0 2524 2541 2639 | ACC: -2520 15576 -3416 | GYRO: 921 -195 -247 | GDP=973.281
FLEX: 2721 0 2559 2606 2736 | ACC: -2016 15348 -3632 | GYRO: 1153 -274 -558 | GDP=1309.904
FLEX: 2710 0 2505 2527 2634 | ACC: -880 16292 -4776 | GYRO: 892 -4443 -2028 | GDP=4964.745
FLEX: 2713 0 2559 2559 2765 | ACC: -2072 15472 -1732 | GYRO: 640 -1121 -2782 | GDP=3066.882
FLEX: 2724 0 2496 2559 2629 | ACC: -2692 15320 -112 | GYRO: 1636 -5708 -4161 | GDP=7250.633
FLEX: 2707 0 2507 2609 2764 | ACC: -364 14640 -1036 | GYRO: 2664 -7616 -6722 | GDP=10501.696
FLEX: 2698 0 2527 2559 2669 | ACC: -2068 13168 1392 | GYRO: 5299 -8660 -10487 | GDP=14596.307
FLEX: 2715 0 2541 2582 2726 | ACC: -3068 11096 892 | GYRO: 7171 -10462 -15969 | GDP=20393.275
FLEX: 2738 0 2512 2517 2654 | ACC: -6016 9568 -3116 | GYRO: 12806 -9308 -21814 | GDP=26953.350
FLEX: 2741 2066 2545 2544 2736 | ACC: -15764 10048 -9340 | GYRO: 8264 7736 -17146 | GDP=20545.674
FLEX: 2737 2047 2512 2528 2658 | ACC: -18072 7280 -7188 | GYRO: 7724 -5566 -9570 | GDP=13499.090
FLEX: 2704 2017 2525 2559 2710 | ACC: -19056 8320 -12272 | GYRO: 5039 2114 -6127 | GDP=8209.790
FLEX: 2709 2069 2512 2507 2669 | ACC: -18112 8576 -8600 | GYRO: 527 -2601 168 | GDP=2659.164
FLEX: 2719 2055 2525 2544 2672 | ACC: -13856 8520 -6416 | GYRO: 370 -7538 3551 | GDP=8340.740
FLEX: 2718 2039 2539 2514 2675 | ACC: -14856 8996 -2236 | GYRO: 2492 -20559 5991 | GDP=21558.633
FLEX: 2699 2035 2507 2541 2686 | ACC: -7116 11004 -7656 | GYRO: 95 -10233 2674 | GDP=10577.031
FLEX: 2739 2059 2527 2530 2726 | ACC: -11080 9460 -648 | GYRO: -3941 -2420 805 | GDP=4694.242
FLEX: 2711 2084 2497 2506 2644 | ACC: -13448 10268 1860 | GYRO: -542 -16420 -8 | GDP=16428.943
FLEX: 2704 2043 2543 2559 2704 | ACC: -9796 9712 -1364 | GYRO: 502 -16929 -1393 | GDP=16993.631
FLEX: 2715 2042 2513 2510 2670 | ACC: -10412 10624 1964 | GYRO: -1757 -16571 -3283 | GDP=16984.203
FLEX: 2736 0 2549 2546 2703 | ACC: -7636 9056 3496 | GYRO: -3135 -17066 -10214 | GDP=20134.605
FLEX: 2740 0 2513 2544 2646 | ACC: -10464 7548 5052 | GYRO: -7458 -14161 -13298 | GDP=20808.471
FLEX: 2752 0 2514 2508 2736 | ACC: -16296 6156 10032 | GYRO: -1536 -17420 -10531 | GDP=20413.662
FLEX: 2704 2064 2490 2528 2663 | ACC: -16668 4600 11556 | GYRO: 4886 -14956 -4170 | GDP=16277.095
FLEX: 2721 2032 2550 2592 2691 | ACC: -13812 5712 8912 | GYRO: 5497 -16722 -51 | GDP=17602.412
FLEX: 2735 2033 2483 2512 2651 | ACC: -14248 5724 13624 | GYRO: 4368 -12939 2227 | GDP=13836.787
FLEX: 2736 2073 2533 2555 2752 | ACC: -11660 7164 10976 | GYRO: 7721 -22758 3915 | GDP=24348.873
FLEX: 2722 2045 2512 2486 2608 | ACC: -9092 7476 10860 | GYRO: 8689 -27735 6265 | GDP=29731.787
FLEX: 2733 2070 2551 2591 2723 | ACC: -1880 9188 6672 | GYRO: 4103 -18402 5695 | GDP=19695.209
FLEX: 2707 2027 2498 2485 2633 | ACC: -4232 9256 12604 | GYRO: -1086 -10731 5270 | GDP=12004.443
FLEX: 2727 2077 2541 2518 2736 | ACC: -1208 9444 11432 | GYRO: -510 -10775 5637 | GDP=12171.134
FLEX: 2722 2031 2474 2518 2602 | ACC: -264 9292 11924 | GYRO: -2270 -9614 6338 | GDP=11736.785
FLEX: 2752 2042 2522 2593 2773 | ACC: 1248 9052 13520 | GYRO: -3829 -4611 5356 | GDP=8037.991
FLEX: 2705 2035 2508 2506 2613 | ACC: 3872 7396 12452 | GYRO: -4805 -138 12332 | GDP=13235.758
FLEX: 2737 2080 2491 2593 2769 | ACC: 2156 7092 17004 | GYRO: -2825 -4319 3091 | GDP=6015.702
FLEX: 2723 2059 2465 2464 2589 | ACC: 2916 6300 16500 | GYRO: -102 1293 2754 | GDP=3044.137
FLEX: 2731 2055 2544 2554 2762 | ACC: 1556 7544 15652 | GYRO: 1136 -1562 1127 | GDP=2236.173
FLEX: 2736 2039 2514 2485 2583 | ACC: -216 7372 15984 | GYRO: 1593 -1612 2912 | GDP=3689.978
FLEX: 2727 2032 2542 2597 2773 | ACC: -588 7564 15168 | GYRO: 3193 -2253 4801 | GDP=6190.384
FLEX: 2704 2064 2489 2496 2554 | ACC: 516 7192 14320 | GYRO: 3359 -3556 6362 | GDP=8025.152
FLEX: 2758 2096 2589 2624 2800 | ACC: 2248 7704 13212 | GYRO: 3445 -2878 8719 | GDP=9806.726
FLEX: 2714 2047 2496 2483 2583 | ACC: 2908 6976 12856 | GYRO: 3850 -3354 8451 | GDP=9873.764
FLEX: 2731 2072 2559 2607 2783 | ACC: 5568 7056 11632 | GYRO: 2730 -3305 9409 | GDP=10339.497
FLEX: 2699 2070 2483 2487 2554 | ACC: 7080 7416 11196 | GYRO: 869 -3989 10861 | GDP=11602.957
FLEX: 2736 2042 2592 2635 2832 | ACC: 8704 6180 13148 | GYRO: 622 -4660 8882 | GDP=10049.498
FLEX: 2700 2064 2469 2477 2559 | ACC: 12308 5896 13524 | GYRO: 1092 -1938 7024 | GDP=7367.828
FLEX: 2704 2065 2559 2633 2813 | ACC: 12076 6044 13124 | GYRO: 2120 -517 4783 | GDP=5257.260
FLEX: 2702 2079 2465 2461 2559 | ACC: 11740 6028 13776 | GYRO: 1485 -279 2921 | GDP=3288.663
FLEX: 2736 2081 2559 2605 2827 | ACC: 10408 6584 13384 | GYRO: 3127 -799 980 | GDP=3372.970
FLEX: 2703 2064 2462 2477 2559 | ACC: 8460 5732 16328 | GYRO: 4252 -336 45 | GDP=4265.492
FLEX: 2731 2082 2559 2598 2832 | ACC: 8748 4884 18848 | GYRO: 16477 400 1904 | GDP=16591.465
FLEX: 2710 2070 2479 2470 2549 | ACC: 7744 8040 16248 | GYRO: 17634 -614 248 | GDP=17646.430
FLEX: 2726 2064 2559 2559 2837 | ACC: 7272 8264 13256 | GYRO: 20444 80 601 | GDP=20452.988
FLEX: 2704 2075 2467 2460 2522 | ACC: 9764 7416 9392 | GYRO: 21589 2734 794 | GDP=21775.906
FLEX: 2741 0 2597 2613 2835 | ACC: 8504 10988 4804 | GYRO: 22018 -121 1064 | GDP=22044.025
FLEX: 2718 0 2472 2439 2559 | ACC: 8672 8768 3708 | GYRO: 16685 2074 2694 | GDP=17027.869
FLEX: 2735 0 2582 2559 2818 | ACC: 10296 12636 -1956 | GYRO: 17585 -962 1182 | GDP=17650.914
FLEX: 2706 0 2453 2453 2547 | ACC: 8004 11444 412 | GYRO: 8556 3442 -1308 | GDP=9314.686
FLEX: 2723 0 2559 2559 2843 | ACC: 7900 16736 -2220 | GYRO: 5315 -1536 5093 | GDP=7519.785
FLEX: 2723 0 2459 2430 2544 | ACC: 9404 12528 1836 | GYRO: 1027 3228 1869 | GDP=3868.834
FLEX: 2719 0 2553 2586 2825 | ACC: 9728 13072 1216 | GYRO: 467 1399 950 | GDP=1754.363
FLEX: 2701 0 2466 2471 2515 | ACC: 9292 12772 3380 | GYRO: 1248 698 851 | GDP=1664.004
FLEX: 2733 0 2554 2559 2814 | ACC: 10548 13528 2684 | GYRO: 1659 850 694 | GDP=1989.074
FLEX: 2707 0 2520 2447 2531 | ACC: 10176 13640 3420 | GYRO: 627 -74 394 | GDP=744.205
FLEX: 2725 0 2522 2547 2832 | ACC: 11148 14200 1628 | GYRO: -35 1966 -894 | GDP=2160.004
FLEX: 2710 0 2471 2454 2587 | ACC: 10976 11940 2628 | GYRO: -3302 970 -3800 | GDP=5126.803
FLEX: 2733 0 2607 2558 2798 | ACC: 14220 16368 -5540 | GYRO: -15344 3884 -8781 | GDP=18100.545
FLEX: 2738 0 2622 2527 2593 | ACC: 12820 5820 -4624 | GYRO: -32768 32767 -24652 | GDP=52489.422
FLEX: 2722 0 2589 2559 2828 | ACC: -5776 10552 9480 | GYRO: -29331 32767 -14606 | GDP=46339.176
FLEX: 2704 0 2480 2352 2509 | ACC: -5768 7328 14448 | GYRO: -10915 32290 -7817 | GDP=34969.801
FLEX: 2704 2104 2585 2559 2832 | ACC: -7648 10068 14540 | GYRO: -2992 12374 -5956 | GDP=14054.959
FLEX: 2659 2082 2413 2469 2536 | ACC: -6492 9596 11520 | GYRO: 418 14486 -3232 | GDP=14848.055
FLEX: 2734 0 2559 2608 2774 | ACC: -7904 9664 11212 | GYRO: -1096 11445 148 | GDP=11498.311
FLEX: 2707 0 2480 2415 2586 | ACC: -7124 10492 9324 | GYRO: 421 17792 4058 | GDP=18253.764
FLEX: 2691 0 2533 2607 2849 | ACC: -11408 9952 10380 | GYRO: -2287 29178 6850 | GDP=30058.420
FLEX: 2735 0 2485 2489 2559 | ACC: -10164 10040 8292 | GYRO: -1908 21575 10042 | GDP=23873.895
FLEX: 2732 0 2559 2559 2820 | ACC: -9680 10796 6204 | GYRO: -2593 27745 10265 | GDP=29696.445
FLEX: 2758 0 2482 2521 2557 | ACC: -10856 10844 3508 | GYRO: -3083 32767 10201 | GDP=34456.371
FLEX: 2761 0 2559 2653 2780 | ACC: -11512 11944 3036 | GYRO: -183 22297 6883 | GDP=23335.926
FLEX: 2767 0 2512 2480 2559 | ACC: -11660 11988 3612 | GYRO: -1855 12801 3128 | GDP=13307.555
FLEX: 2736 0 2559 2594 2763 | ACC: -10492 12012 1692 | GYRO: -827 10788 1828 | GDP=10972.987
FLEX: 2714 0 2515 2495 2597 | ACC: -10940 12196 1128 | GYRO: -488 5232 526 | GDP=5280.970
FLEX: 2733 0 2542 2605 2763 | ACC: -10724 12444 1044 | GYRO: 199 -1956 -32 | GDP=1966.357
FLEX: 2688 0 2512 2479 2637 | ACC: -10796 12440 380 | GYRO: -223 2226 148 | GDP=2242.032
FLEX: 2705 0 2544 2559 2705 | ACC: -11936 12044 1300 | GYRO: 214 -592 251 | GDP=677.688
FLEX: 2706 0 2512 2506 2623 | ACC: -11200 12628 128 | GYRO: -332 -1049 376 | GDP=1162.756
FLEX: 2722 0 2511 2549 2730 | ACC: -15132 12636 5124 | GYRO: -1705 -9910 651 | GDP=10076.652
FLEX: 2705 2135 2495 2497 2635 | ACC: -14376 12960 1360 | GYRO: -4127 -32768 1941 | GDP=33083.855
FLEX: 2708 2169 2587 2527 2736 | ACC: -2036 13076 -3680 | GYRO: -7730 -28631 3138 | GDP=29821.705
FLEX: 2703 2160 2559 2534 2631 | ACC: -8264 11984 9116 | GYRO: -7651 -7797 3260 | GDP=11399.938
FLEX: 2715 2174 2547 2592 2707 | ACC: -4764 10608 8516 | GYRO: -6796 -4397 3089 | GDP=8663.783
FLEX: 2688 2174 2503 2514 2624 | ACC: -5340 10688 11076 | GYRO: -2795 -7516 1502 | GDP=8158.326
FLEX: 2704 2160 2527 2555 2694 | ACC: -3248 10812 10100 | GYRO: -2423 -3684 464 | GDP=4433.743
FLEX: 2719 2190 2538 2528 2672 | ACC: -2760 11316 10128 | GYRO: 1033 1008 917 | GDP=1709.983
FLEX: 2717 2159 2538 2523 2677 | ACC: -1540 12032 6048 | GYRO: 2578 21670 3860 | GDP=22161.557
FLEX: 2726 2174 2522 2538 2661 | ACC: -12192 12388 10176 | GYRO: 5562 32767 9855 | GDP=34666.023
FLEX: 2672 2174 2523 2519 2637 | ACC: -9256 12440 5848 | GYRO: 6982 27775 8808 | GDP=29962.975
FLEX: 2699 2156 2519 2501 2690 | ACC: -10112 12420 7152 | GYRO: 4588 12098 5285 | GDP=13976.501
FLEX: 2692 2129 2527 2502 2661 | ACC: -6464 13496 2716 | GYRO: 3910 4926 2414 | GDP=6736.540
FLEX: 2695 2160 2525 2547 2657 | ACC: -9396 13448 4744 | GYRO: 3172 1322 1168 | GDP=3629.531
FLEX: 2694 2131 2516 2511 2658 | ACC: -7192 14372 920 | GYRO: 1523 -1245 225 | GDP=1979.944
FLEX: 2672 2135 2510 2545 2653 | ACC: -7832 13944 2264 | GYRO: 1492 -839 113 | GDP=1715.446
FLEX: 2699 2138 2519 2551 2645 | ACC: -8640 14256 2484 | GYRO: 1652 -67 338 | GDP=1687.554
FLEX: 2735 2144 2529 2586 2698 | ACC: -9508 14180 3880 | GYRO: 779 -558 549 | GDP=1104.358
FLEX: 2690 2138 2497 2544 2638 | ACC: -8064 13508 3536 | GYRO: 1031 -4815 -237 | GDP=4929.843
FLEX: 2717 2146 2538 2559 2726 | ACC: -11932 12460 9452 | GYRO: 2509 -16292 -3709 | GDP=16896.184
FLEX: 2688 2160 2497 2502 2640 | ACC: -1888 13448 -1716 | GYRO: 2532 -4164 -1721 | GDP=5168.342
FLEX: 2712 2126 2543 2602 2679 | ACC: -14856 12468 11992 | GYRO: 6278 -16483 -2313 | GDP=17789.113
FLEX: 2686 2150 2498 2541 2608 | ACC: -14464 12676 3940 | GYRO: 1895 -32768 -9714 | GDP=34230.027
FLEX: 2714 2129 2531 2559 2727 | ACC: -17400 15540 -860 | GYRO: -803 -32768 -14567 | GDP=35868.988
FLEX: 2723 2113 2512 2481 2589 | ACC: -2108 16852 -8928 | GYRO: -11898 -32768 -7127 | GDP=35582.273
FLEX: 2694 2128 2518 2596 2710 | ACC: 25192 11248 -7976 | GYRO: -4115 -7556 -7918 | GDP=11692.779
FLEX: 2681 2119 2476 2491 2619 | ACC: -10048 11408 26352 | GYRO: -3431 11928 -6378 | GDP=13954.491
FLEX: 2685 2128 2558 2589 2727 | ACC: 10260 10152 6772 | GYRO: -3909 -25339 -2783 | GDP=25789.344
FLEX: 2665 2135 2502 2510 2559 | ACC: 4864 11684 13060 | GYRO: 1063 10848 -4472 | GDP=11781.675
FLEX: 2715 2127 2559 2619 2750 | ACC: 2296 11500 14468 | GYRO: 4146 -9415 -4368 | GDP=11176.357
FLEX: 2656 2130 2525 2517 2602 | ACC: 6520 12196 8636 | GYRO: 2286 2668 -3803 | GDP=5177.531
FLEX: 2720 2127 2559 2604 2749 | ACC: 1524 12632 13632 | GYRO: 6408 -734 -2035 | GDP=6763.316
FLEX: 2713 2125 2519 2519 2554 | ACC: 5732 12608 8572 | GYRO: 5571 -4950 -2134 | GDP=7751.935
FLEX: 2719 2115 2621 2559 2767 | ACC: 4456 13460 7896 | GYRO: 6147 -691 -3176 | GDP=6953.421
FLEX: 2662 2106 2590 2473 2512 | ACC: 4120 13356 6640 | GYRO: 2957 -3159 -3039 | GDP=5287.594
FLEX: 2671 2122 2608 2517 2655 | ACC: 4116 13988 6656 | GYRO: 2484 -2677 -3009 | GDP=4731.877
FLEX: 2640 0 2558 2443 2506 | ACC: 2940 13584 7312 | GYRO: -991 -2165 -2849 | GDP=3712.965
FLEX: 2626 0 2631 2497 2622 | ACC: 3304 14020 6516 | GYRO: -2595 -2359 -2512 | GDP=4313.821
FLEX: 2583 0 2602 2454 2498 | ACC: 2308 13816 8072 | GYRO: -7276 -3562 -2242 | GDP=8405.628
FLEX: 2595 0 2605 2475 2604 | ACC: 3308 12732 8788 | GYRO: -8101 -2835 -2960 | GDP=9078.823
FLEX: 2559 0 2541 2444 2515 | ACC: 2256 12320 10924 | GYRO: -9421 -229 -1788 | GDP=9591.904
FLEX: 2610 0 2611 2485 2621 | ACC: 2300 11816 13260 | GYRO: -7007 -1653 -1579 | GDP=7370.461
FLEX: 2607 0 2608 2481 2523 | ACC: 3108 11352 14244 | GYRO: -2001 -1610 -1191 | GDP=2831.004
FLEX: 2623 0 2686 2547 2656 | ACC: 2884 11060 14512 | GYRO: 646 -76 -2368 | GDP=2455.711
FLEX: 2559 0 2608 2526 2521 | ACC: 3788 11192 12616 | GYRO: 3089 -2224 -3880 | GDP=5435.301
FLEX: 2623 0 2640 2537 2643 | ACC: 3768 11756 11692 | GYRO: 7262 -1690 -6783 | GDP=10079.773
FLEX: 2547 0 2608 2496 2496 | ACC: 3472 12552 9080 | GYRO: 4746 -312 -7130 | GDP=8570.809
FLEX: 2559 0 2627 2528 2627 | ACC: 2176 12380 7816 | GYRO: 867 -2100 -6409 | GDP=6799.777
FLEX: 2524 0 2559 2445 2487 | ACC: 1396 12868 8020 | GYRO: -3144 -889 -5193 | GDP=6135.333
FLEX: 2531 0 2592 2486 2616 | ACC: 700 12072 8968 | GYRO: -2416 -704 -5121 | GDP=5705.901
FLEX: 2494 0 2559 2436 2489 | ACC: -1192 11820 11156 | GYRO: -3604 -1313 -5287 | GDP=6531.857
FLEX: 2544 0 2587 2493 2591 | ACC: 328 11368 11300 | GYRO: -3359 -2906 -5827 | GDP=7326.776
FLEX: 2559 0 2555 2463 2479 | ACC: -1392 12048 13864 | GYRO: -3703 -1648 -5884 | GDP=7144.898
FLEX: 2624 0 2608 2500 2633 | ACC: -380 11556 13884 | GYRO: -3686 -1612 -4937 | GDP=6368.604
FLEX: 2640 0 2595 2474 2466 | ACC: -548 10508 13972 | GYRO: -2065 1691 -2197 | GDP=3456.952
FLEX: 2656 0 2559 2507 2608 | ACC: -2020 10984 14040 | GYRO: -1573 -2012 -1037 | GDP=2756.418
FLEX: 2643 0 2551 2433 2480 | ACC: -1156 10240 15364 | GYRO: 1452 895 -1467 | GDP=2249.760
FLEX: 2674 0 2597 2501 2613 | ACC: 1200 10912 14468 | GYRO: 2370 -303 -1827 | GDP=3007.763
FLEX: 2654 0 2598 2495 2471 | ACC: 180 9680 16932 | GYRO: 4654 3385 -4953 | GDP=7592.770
FLEX: 2699 0 2589 2480 2643 | ACC: -1792 10440 14728 | GYRO: 9523 166 -3962 | GDP=10315.645
FLEX: 2694 0 2554 2439 2491 | ACC: -2568 12420 9532 | GYRO: 9813 -1349 -3591 | GDP=10536.131
FLEX: 2759 0 2559 2511 2656 | ACC: -2444 11676 10388 | GYRO: 7216 -6478 -325 | GDP=9702.616
FLEX: 2689 0 2538 2483 2496 | ACC: -40 13064 7012 | GYRO: 7484 -10901 1579 | GDP=13316.729
FLEX: 2741 0 2544 2476 2653 | ACC: 2296 12160 5736 | GYRO: 1650 -10790 302 | GDP=10919.605
FLEX: 2756 0 2529 2419 2461 | ACC: 280 12276 7560 | GYRO: -3260 -11205 598 | GDP=11684.914
FLEX: 2762 0 2559 2471 2645 | ACC: 1252 13104 8040 | GYRO: -4296 -11306 25 | GDP=12094.704
FLEX: 2765 0 2540 2452 2475 | ACC: 2728 10056 11804 | GYRO: -6979 -9391 -1099 | GDP=11751.814
FLEX: 2780 0 2461 2475 2782 | ACC: 620 12860 13356 | GYRO: -3010 -8164 -3050 | GDP=9220.276
FLEX: 2720 0 2515 2463 2512 | ACC: 372 12344 13352 | GYRO: -3053 -3775 -3207 | GDP=5818.615
FLEX: 2817 0 2476 2439 2643 | ACC: 1052 11944 12872 | GYRO: -1656 -6190 -2024 | GDP=6719.748
FLEX: 2740 0 2527 2425 2533 | ACC: 176 11036 14360 | GYRO: -651 -2783 -1784 | GDP=3369.206
FLEX: 2793 0 2495 2433 2624 | ACC: 1128 11608 13100 | GYRO: -316 -1958 -930 | GDP=2190.552
FLEX: 2791 0 2505 2429 2527 | ACC: 1340 10912 13756 | GYRO: 1520 -1468 -650 | GDP=2210.865
FLEX: 2781 0 2502 2498 2630 | ACC: 2004 11704 12552 | GYRO: 3501 -1128 -307 | GDP=3691.021
FLEX: 2753 0 2544 2469 2514 | ACC: 2664 11476 11540 | GYRO: 4601 280 -858 | GDP=4688.685
FLEX: 2830 0 2513 2427 2633 | ACC: 2756 12804 9512 | GYRO: 4028 -430 -341 | GDP=4065.214
FLEX: 2713 0 2541 2437 2471 | ACC: 3880 11272 9108 | GYRO: 920 -1531 -210 | GDP=1798.461
FLEX: 2774 0 2557 2471 2635 | ACC: 1940 13212 8996 | GYRO: -953 -940 -927 | GDP=1628.232
FLEX: 2752 0 2517 2445 2543 | ACC: 3556 12036 8652 | GYRO: -6083 252 -943 | GDP=6160.815
FLEX: 2753 0 2514 2443 2595 | ACC: 1956 10168 14184 | GYRO: -4566 -1432 -465 | GDP=4807.827
FLEX: 2733 0 2533 2425 2541 | ACC: 2640 10268 14284 | GYRO: 929 -778 -167 | GDP=1223.198
FLEX: 2739 0 2529 2459 2625 | ACC: 1764 11640 12668 | GYRO: 3112 -382 684 | GDP=3209.100
FLEX: 2742 0 2543 2478 2510 | ACC: 2376 12204 11476 | GYRO: 2049 2244 425 | GDP=3068.316
FLEX: 2746 0 2526 2448 2624 | ACC: 2312 10880 12412 | GYRO: 831 3402 618 | GDP=3556.134
FLEX: 2751 0 2535 2439 2559 | ACC: 2416 11620 12036 | GYRO: 2603 970 1168 | GDP=3013.426
FLEX: 2757 0 2508 2429 2559 | ACC: 3204 11196 11156 | GYRO: 1076 5285 1471 | GDP=5590.424
FLEX: 2753 0 2511 2445 2535 | ACC: 1624 12604 13172 | GYRO: 3421 2487 1882 | GDP=4629.291
FLEX: 2752 0 2509 2465 2603 | ACC: 2272 12340 11608 | GYRO: 4712 2874 1448 | GDP=5706.095
FLEX: 2743 0 2505 2446 2516 | ACC: 2352 13192 9320 | GYRO: 2854 10185 1528 | GDP=10687.110
FLEX: 2757 0 2485 2425 2559 | ACC: 648 12212 11332 | GYRO: 3356 1320 2173 | GDP=4210.352
FLEX: 2704 0 2550 2451 2517 | ACC: 1960 12628 8056 | GYRO: 1576 11587 3310 | GDP=12153.125
FLEX: 2759 0 2519 2463 2559 | ACC: -1344 13472 8260 | GYRO: -5909 13869 7662 | GDP=16910.697
FLEX: 2730 0 2526 2480 2535 | ACC: -916 9748 14896 | GYRO: -2828 1987 5117 | GDP=6174.904
FLEX: 2736 0 2494 2439 2559 | ACC: 944 10636 12572 | GYRO: -1338 -1272 5977 | GDP=6255.618
FLEX: 2749 0 2501 2471 2526 | ACC: 1628 11172 12748 | GYRO: 1258 1085 3954 | GDP=4288.812
FLEX: 2725 0 2493 2448 2559 | ACC: 2376 12100 11392 | GYRO: 254 2563 3391 | GDP=4258.211
FLEX: 2736 0 2495 2453 2542 | ACC: 1656 12016 10800 | GYRO: -1451 5713 2268 | GDP=6315.663
FLEX: 2711 0 2526 2465 2544 | ACC: -712 11912 13504 | GYRO: 240 3769 2269 | GDP=4405.828
FLEX: 2718 0 2496 2438 2551 | ACC: 532 11212 12624 | GYRO: 1582 -1452 3397 | GDP=4018.785
FLEX: 2727 0 2531 2395 2558 | ACC: 1512 11928 11412 | GYRO: 2693 -2624 2164 | GDP=4338.262
FLEX: 2733 0 2497 2432 2543 | ACC: 3120 11908 10616 | GYRO: 671 -2583 2222 | GDP=3472.667
FLEX: 2735 0 2512 2437 2555 | ACC: 2228 11900 11828 | GYRO: 1447 -4151 2118 | GDP=4879.604
FLEX: 2735 0 2519 2447 2541 | ACC: 5104 11760 9824 | GYRO: 1192 -5381 2629 | GDP=6106.363
FLEX: 2704 0 2498 2432 2535 | ACC: 4920 11252 11220 | GYRO: 344 -1377 1766 | GDP=2265.661
FLEX: 2723 0 2519 2464 2559 | ACC: 5844 11072 12204 | GYRO: 1404 -447 -1725 | GDP=2268.623
FLEX: 2719 0 2506 2456 2524 | ACC: 1400 11468 12556 | GYRO: 3016 -4143 38 | GDP=5124.661
FLEX: 2757 0 2510 2422 2547 | ACC: 3776 12012 9700 | GYRO: 2220 -2687 647 | GDP=3544.993
FLEX: 2723 0 2515 2447 2547 | ACC: 3532 12148 10680 | GYRO: 961 -1993 -453 | GDP=2258.490
FLEX: 2727 0 2492 2461 2559 | ACC: 4452 11420 10412 | GYRO: 3004 -3314 -33 | GDP=4472.997
FLEX: 2736 0 2525 2457 2533 | ACC: 3880 12972 9416 | GYRO: 743 -828 -521 | GDP=1228.444
FLEX: 2751 0 2523 2448 2559 | ACC: 3996 11844 11124 | GYRO: 1356 -2075 -473 | GDP=2523.508
FLEX: 2746 0 2511 2432 2544 | ACC: 4240 13076 9744 | GYRO: -415 1284 -447 | GDP=1421.510
FLEX: 2736 0 2515 2453 2559 | ACC: 3876 11796 10868 | GYRO: 387 435 -88 | GDP=588.845
FLEX: 2752 0 2501 2448 2546 | ACC: 3456 13076 10796 | GYRO: -123 793 292 | GDP=853.957
FLEX: 2768 0 2514 2459 2543 | ACC: 4508 11588 11032 | GYRO: -80 1027 172 | GDP=1044.372
FLEX: 2738 0 2499 2468 2526 | ACC: 4036 12420 10068 | GYRO: -864 -257 769 | GDP=1184.865
FLEX: 2729 0 2507 2420 2559 | ACC: 3892 11560 12228 | GYRO: 368 233 503 | GDP=665.374
FLEX: 2746 0 2519 2434 2545 | ACC: 4840 11904 11372 | GYRO: 1601 -348 161 | GDP=1646.276
FLEX: 2730 0 2555 2462 2546 | ACC: 4716 11556 10928 | GYRO: 1740 349 -583 | GDP=1867.964
FLEX: 2734 0 2506 2437 2533 | ACC: 4104 12372 10336 | GYRO: 1424 -145 -282 | GDP=1458.878
FLEX: 2757 0 2512 2448 2559 | ACC: 4076 11472 9476 | GYRO: 273 335 103 | GDP=444.256
FLEX: 2745 0 2505 2432 2559 | ACC: 3812 11576 11212 | GYRO: 849 -76 17 | GDP=852.564
FLEX: 2743 0 2502 2448 2559 | ACC: 3768 11524 10140 | GYRO: 537 -1044 -131 | GDP=1181.298
FLEX: 2736 0 2506 2417 2537 | ACC: 4024 11552 9600 | GYRO: 408 -1466 -18 | GDP=1521.823
FLEX: 2737 0 2506 2448 2559 | ACC: 4460 12204 10056 | GYRO: -926 -1360 41 | GDP=1645.830
FLEX: 2753 0 2507 2448 2534 | ACC: 4580 11736 11252 | GYRO: -407 -1049 68 | GDP=1127.242
FLEX: 2754 0 2490 2451 2545 | ACC: 4976 12432 11944 | GYRO: 236 -1562 -164 | GDP=1588.218
FLEX: 2752 0 2516 2434 2559 | ACC: 4584 12096 11496 | GYRO: 1402 -1991 -602 | GDP=2508.404
FLEX: 2749 0 2493 2461 2559 | ACC: 5496 12192 10448 | GYRO: 1033 -1485 -463 | GDP=1867.266
FLEX: 2756 0 2510 2448 2559 | ACC: 4732 11760 11656 | GYRO: 1998 -3002 -730 | GDP=3679.254
FLEX: 2733 0 2510 2432 2555 | ACC: 4888 11572 10192 | GYRO: 1549 -1090 -683 | GDP=2013.452
FLEX: 2768 0 2498 2455 2559 | ACC: 5260 10936 9992 | GYRO: 1918 -2696 -969 | GDP=3447.623
FLEX: 2752 0 2512 2452 2559 | ACC: 5260 11100 7924 | GYRO: 803 -731 -634 | GDP=1257.428
FLEX: 2772 0 2512 2463 2559 | ACC: 4944 11572 8072 | GYRO: -668 -1764 -485 | GDP=1947.600
FLEX: 2789 0 2515 2469 2606 | ACC: 4888 12228 9296 | GYRO: -2601 -239 -185 | GDP=2618.501
FLEX: 2781 0 2532 2485 2583 | ACC: 4844 12688 10752 | GYRO: -3050 -969 -35 | GDP=3200.420
FLEX: 2769 0 2511 2470 2597 | ACC: 5432 12220 11892 | GYRO: -2470 457 -591 | GDP=2580.510
FLEX: 2799 0 2537 2471 2619 | ACC: 5396 12712 12324 | GYRO: -608 -676 -1005 | GDP=1355.236
FLEX: 2768 0 2559 2519 2642 | ACC: 4040 12572 13228 | GYRO: 626 601 -862 | GDP=1223.160
FLEX: 2786 0 2553 2486 2622 | ACC: 4064 12852 11860 | GYRO: 1812 332 -457 | GDP=1898.003
FLEX: 2799 0 2534 2511 2662 | ACC: 3776 12688 11280 | GYRO: 2333 491 -44 | GDP=2384.514
FLEX: 2797 0 2533 2516 2661 | ACC: 3568 12300 11284 | GYRO: 2809 725 394 | GDP=2927.686
FLEX: 2791 0 2522 2512 2657 | ACC: 4568 11828 9892 | GYRO: 2997 170 614 | GDP=3063.969
FLEX: 2785 0 2539 2516 2640 | ACC: 4012 12008 9396 | GYRO: 3229 631 746 | GDP=3373.591
FLEX: 2781 0 2527 2529 2646 | ACC: 4016 11788 9052 | GYRO: 2304 567 856 | GDP=2522.427
FLEX: 2801 0 2533 2522 2661 | ACC: 4368 11736 8352 | GYRO: 841 669 1112 | GDP=1546.411
FLEX: 2795 0 2546 2503 2657 | ACC: 4132 11344 9276 | GYRO: -1559 -276 1960 | GDP=2519.575
FLEX: 2794 0 2529 2493 2669 | ACC: 4816 11476 9812 | GYRO: -1998 849 2712 | GDP=3473.867
FLEX: 2791 0 2523 2514 2663 | ACC: 4988 11204 10784 | GYRO: -2221 -230 3130 | GDP=3844.820
FLEX: 2794 0 2511 2510 2687 | ACC: 6284 11652 11724 | GYRO: -1078 925 2998 | GDP=3317.486
FLEX: 2806 0 2538 2490 2662 | ACC: 6452 11704 11244 | GYRO: -1058 769 2230 | GDP=2585.271
FLEX: 2814 0 2546 2510 2634 | ACC: 6568 11372 12508 | GYRO: 120 337 1976 | GDP=2008.120
FLEX: 2798 0 2534 2512 2678 | ACC: 6240 11024 12652 | GYRO: 1406 -193 2056 | GDP=2498.244
FLEX: 2800 0 2557 2477 2689 | ACC: 6000 10832 12040 | GYRO: 1989 788 1689 | GDP=2725.763
FLEX: 2839 0 2559 2515 2678 | ACC: 5176 11904 11152 | GYRO: 3761 289 2330 | GDP=4433.683
FLEX: 2832 0 2557 2557 2688 | ACC: 5380 12000 9628 | GYRO: 2528 1157 2834 | GDP=3970.011
FLEX: 2805 0 2554 2637 2686 | ACC: 5432 12080 9532 | GYRO: 2393 1684 3078 | GDP=4246.927
FLEX: 2798 0 2509 2629 2697 | ACC: 6192 11340 8132 | GYRO: 986 2093 2947 | GDP=3746.686
FLEX: 2807 0 2559 2544 2734 | ACC: 6432 10468 9428 | GYRO: 382 1356 2948 | GDP=3267.318
FLEX: 2816 0 2559 2603 2699 | ACC: 7040 10072 9664 | GYRO: -724 2081 3069 | GDP=3778.028
FLEX: 2801 0 2559 2525 2680 | ACC: 6712 10348 10576 | GYRO: -649 892 3524 | GDP=3692.620
FLEX: 2800 0 2559 2597 2715 | ACC: 7932 9368 12344 | GYRO: -718 791 3626 | GDP=3780.090
FLEX: 2790 0 2582 2543 2693 | ACC: 8340 9668 12680 | GYRO: 52 417 3165 | GDP=3192.776
FLEX: 2765 0 2531 2544 2671 | ACC: 8372 10184 12864 | GYRO: 2230 1253 1497 | GDP=2963.768
FLEX: 2791 0 2547 2554 2701 | ACC: 7520 11224 10840 | GYRO: 2271 1877 423 | GDP=2976.491
FLEX: 2797 0 2554 2555 2707 | ACC: 6608 11640 11044 | GYRO: 3626 1100 969 | GDP=3911.117
FLEX: 2739 0 2539 2554 2692 | ACC: 6072 10364 10648 | GYRO: 3269 -157 1869 | GDP=3768.842
FLEX: 2787 0 2543 2544 2672 | ACC: 6092 9584 9820 | GYRO: 1037 614 2756 | GDP=3007.973
FLEX: 2800 0 2528 2540 2688 | ACC: 7024 8804 10564 | GYRO: 686 1992 2926 | GDP=3605.570
FLEX: 2805 0 2529 2526 2670 | ACC: 8048 8976 11600 | GYRO: 934 1572 2956 | GDP=3475.842
FLEX: 2832 0 2544 2540 2668 | ACC: 8372 8760 11292 | GYRO: 794 1940 3385 | GDP=3981.490
FLEX: 2800 0 2531 2547 2672 | ACC: 9248 9656 9472 | GYRO: 798 2209 1923 | GDP=3035.525
FLEX: 2783 0 2539 2529 2685 | ACC: 7712 9376 13544 | GYRO: 1437 1679 1818 | GDP=2861.666
FLEX: 2813 0 2534 2558 2685 | ACC: 7040 9916 12132 | GYRO: 2368 912 2547 | GDP=3595.327
FLEX: 2810 0 2517 2529 2683 | ACC: 7892 9340 11288 | GYRO: 1357 1120 2531 | GDP=3082.500
FLEX: 2805 0 2523 2551 2702 | ACC: 8468 9492 10856 | GYRO: 1665 1014 2180 | GDP=2924.521
FLEX: 2799 0 2531 2525 2662 | ACC: 7480 9200 12360 | GYRO: 1505 521 2226 | GDP=2737.068
FLEX: 2799 0 2519 2523 2675 | ACC: 8240 9516 10864 | GYRO: 3114 -155 2949 | GDP=4291.576
FLEX: 2832 0 2515 2519 2683 | ACC: 8928 9708 9580 | GYRO: 2288 495 2314 | GDP=3291.590
FLEX: 2815 0 2510 2526 2674 | ACC: 9248 9564 10588 | GYRO: 1868 1089 2325 | GDP=3175.054
FLEX: 2820 0 2540 2534 2637 | ACC: 8808 9304 11132 | GYRO: 663 943 2265 | GDP=2541.465
FLEX: 2807 0 2528 2499 2669 | ACC: 9728 8852 10216 | GYRO: 823 1877 -219 | GDP=2061.169
FLEX: 2818 0 2523 2517 2658 | ACC: 9252 8856 12080 | GYRO: -345 2032 -1142 | GDP=2356.313
FLEX: 2803 0 2546 2488 2673 | ACC: 9548 8828 12604 | GYRO: 546 474 -300 | GDP=782.810
FLEX: 2811 0 2529 2526 2659 | ACC: 9732 7852 13208 | GYRO: 1241 625 -188 | GDP=1402.159
FLEX: 2816 0 2542 2530 2672 | ACC: 9796 7768 14188 | GYRO: 2738 2092 -1621 | GDP=3807.985
FLEX: 2809 0 2531 2534 2644 | ACC: 8952 8112 14748 | GYRO: 5584 3514 -2525 | GDP=7064.338
FLEX: 2821 0 2537 2535 2659 | ACC: 5880 9128 12120 | GYRO: 8648 1059 -35 | GDP=8712.669
FLEX: 2811 0 2519 2502 2645 | ACC: 7184 9340 8928 | GYRO: 6276 6825 1531 | GDP=9397.487
FLEX: 2814 0 2511 2507 2679 | ACC: 6024 11476 8376 | GYRO: 6792 3067 -1005 | GDP=7519.826
FLEX: 2799 0 2515 2529 2660 | ACC: 5096 11616 7360 | GYRO: 2823 3958 -1194 | GDP=5006.069
FLEX: 2814 0 2541 2531 2670 | ACC: 6568 12448 7012 | GYRO: 3153 4300 -1710 | GDP=5599.599
FLEX: 2818 0 2506 2512 2653 | ACC: 6668 12736 6808 | GYRO: 982 921 -143 | GDP=1353.888
FLEX: 2800 0 2522 2518 2662 | ACC: 6464 11864 8920 | GYRO: 980 -447 735 | GDP=1304.007
FLEX: 2825 0 2521 2531 2637 | ACC: 5280 12148 9708 | GYRO: -1041 -894 955 | GDP=1671.808
FLEX: 2801 0 2528 2544 2672 | ACC: 6284 12100 8876 | GYRO: -597 439 278 | GDP=791.463
FLEX: 2789 0 2511 2512 2654 | ACC: 6212 12416 10664 | GYRO: -1068 -520 -321 | GDP=1230.474
FLEX: 2801 0 2519 2539 2667 | ACC: 5636 12384 12320 | GYRO: 1181 700 -979 | GDP=1686.180
FLEX: 2823 0 2512 2513 2662 | ACC: 5016 12520 10328 | GYRO: 1950 868 -731 | GDP=2256.166
FLEX: 2807 0 2542 2529 2653 | ACC: 5592 12360 10540 | GYRO: 3620 805 -698 | GDP=3773.543
FLEX: 2806 0 2527 2481 2670 | ACC: 6092 12588 8948 | GYRO: 2279 234 -404 | GDP=2326.330
FLEX: 2808 0 2544 2515 2657 | ACC: 5632 12372 9684 | GYRO: 3306 129 -616 | GDP=3365.373
FLEX: 2793 0 2515 2508 2629 | ACC: 6140 13172 9108 | GYRO: 2724 218 281 | GDP=2747.119
FLEX: 2802 0 2512 2507 2623 | ACC: 5196 13192 8968 | GYRO: 2887 83 388 | GDP=2914.138
FLEX: 2800 0 2517 2511 2650 | ACC: 5912 13440 8860 | GYRO: 2854 73 689 | GDP=2936.897
FLEX: 2810 0 2527 2523 2640 | ACC: 6116 12984 7804 | GYRO: 2806 -216 630 | GDP=2883.954
FLEX: 2784 0 2507 2518 2644 | ACC: 5736 13028 7852 | GYRO: 3195 -1354 687 | GDP=3537.416
FLEX: 2798 0 2559 2519 2675 | ACC: 6520 12728 8056 | GYRO: 2123 -1110 205 | GDP=2404.424
FLEX: 2802 0 2526 2539 2638 | ACC: 5748 12412 9128 | GYRO: 2542 -558 999 | GDP=2787.675
FLEX: 2818 0 2523 2517 2674 | ACC: 6060 13004 8692 | GYRO: 2484 -2334 1505 | GDP=3725.968
FLEX: 2784 0 2525 2483 2593 | ACC: 6180 13108 7684 | GYRO: 1858 -3029 2103 | GDP=4129.118
FLEX: 2812 0 2544 2540 2699 | ACC: 7232 13432 7408 | GYRO: 2171 -1097 2491 | GDP=3481.628
FLEX: 2828 0 2551 2525 2637 | ACC: 7120 12064 5832 | GYRO: -60 -2625 3256 | GDP=4182.793
FLEX: 2790 0 2527 2531 2659 | ACC: 8020 12416 7064 | GYRO: 2693 -1571 2750 | GDP=4157.257
FLEX: 2800 0 2547 2526 2640 | ACC: 9044 11972 9004 | GYRO: 3111 1927 1489 | GDP=3950.794
FLEX: 2816 0 2517 2559 2787 | ACC: 7528 13040 6952 | GYRO: 4722 -1090 1069 | GDP=4962.675
FLEX: 2783 0 2515 2480 2592 | ACC: 8428 12708 5504 | GYRO: 4212 2815 1112 | GDP=5186.686
FLEX: 2814 0 2512 2557 2747 | ACC: 8128 13100 6436 | GYRO: 4192 3110 -387 | GDP=5233.998
FLEX: 2761 0 2515 2481 2559 | ACC: 10284 13260 5192 | GYRO: 6189 8301 -2112 | GDP=10567.443
FLEX: 2810 0 2496 2535 2734 | ACC: 10400 12920 4776 | GYRO: 4514 22499 -6571 | GDP=23869.631
FLEX: 2779 0 2470 2486 2544 | ACC: 7324 14188 4552 | GYRO: 5526 30105 -9058 | GDP=31920.137
FLEX: 2802 0 2514 2559 2730 | ACC: 532 15140 4884 | GYRO: 4867 32066 -8802 | GDP=33606.418
FLEX: 2770 0 2495 2461 2559 | ACC: -4736 14388 6940 | GYRO: 5518 27567 -4189 | GDP=28424.207
FLEX: 2775 0 2529 2542 2743 | ACC: -4712 16588 4260 | GYRO: 3995 25020 -109 | GDP=25337.172
FLEX: 2763 0 2483 2473 2544 | ACC: -2940 14204 5028 | GYRO: 3809 21118 1651 | GDP=21522.180
FLEX: 2807 0 2517 2559 2755 | ACC: -1116 15300 3532 | GYRO: 3624 23342 -130 | GDP=23622.008
FLEX: 2782 0 2512 2433 2544 | ACC: -2796 15508 4928 | GYRO: 4693 18008 -1848 | GDP=18701.000
FLEX: 2763 0 2557 2559 2709 | ACC: -4360 15760 2932 | GYRO: 5015 18561 -2628 | GDP=19405.344
FLEX: 2743 0 2496 2485 2522 | ACC: -6056 15676 3084 | GYRO: 3974 12662 -1618 | GDP=13369.249
FLEX: 2795 0 2522 2554 2705 | ACC: -6380 15892 2044 | GYRO: 2389 8220 -857 | GDP=8602.916
FLEX: 2768 0 2496 2459 2542 | ACC: -6328 15556 1552 | GYRO: 1211 -1384 403 | GDP=1882.654
FLEX: 2778 0 2544 2594 2749 | ACC: -3492 15156 1076 | GYRO: 2020 -2964 818 | GDP=3678.970
FLEX: 2762 0 2501 2496 2543 | ACC: -5416 15480 1660 | GYRO: 724 1745 -514 | GDP=1957.906
FLEX: 2787 0 2535 2613 2744 | ACC: -4568 15396 796 | GYRO: -224 366 -26 | GDP=429.893
FLEX: 2754 0 2490 2480 2528 | ACC: -5596 15648 2360 | GYRO: 1038 -1878 119 | GDP=2149.067
FLEX: 2786 0 2530 2544 2706 | ACC: -4064 15524 452 | GYRO: 185 1181 -337 | GDP=1241.996
FLEX: 2749 0 2493 2483 2547 | ACC: -4808 15640 1020 | GYRO: 289 -472 -337 | GDP=647.977
FLEX: 2766 0 2513 4095 2637 | ACC: -3884 15648 1548 | GYRO: 1114 -1508 -352 | GDP=1907.607
FLEX: 2782 0 2495 346 2607 | ACC: -5092 15396 1316 | GYRO: 532 1135 -1147 | GDP=1699.076
FLEX: 2768 0 2518 4095 2674 | ACC: -5460 15648 1880 | GYRO: -28 -1579 -693 | GDP=1724.608
FLEX: 2778 0 2512 487 2633 | ACC: -5024 15224 1728 | GYRO: -113 -574 -1359 | GDP=1479.570
FLEX: 2777 0 2526 4095 2670 | ACC: -5656 15704 1140 | GYRO: -407 72 99 | GDP=425.011
FLEX: 2750 0 2518 2475 2513 | ACC: -3620 14852 296 | GYRO: -276 9659 -1085 | GDP=9723.666
FLEX: 2774 0 2541 2509 2749 | ACC: -6360 15008 1736 | GYRO: 586 16644 -1777 | GDP=16748.846
FLEX: 2767 0 2517 2482 2487 | ACC: -6904 15196 1404 | GYRO: 1985 9054 -923 | GDP=9314.884
FLEX: 2781 0 2530 2559 2734 | ACC: -4900 14848 -1712 | GYRO: 614 17332 -2780 | GDP=17564.271
FLEX: 2768 0 2529 2473 2509 | ACC: -7504 15504 228 | GYRO: 1660 11423 -1811 | GDP=11684.188
FLEX: 2786 0 2529 2527 2743 | ACC: -7204 15004 -808 | GYRO: 1069 13925 -1973 | GDP=14104.649
FLEX: 2762 0 2518 2470 2512 | ACC: -7536 15244 -852 | GYRO: 1934 7381 -818 | GDP=7673.894
FLEX: 2774 0 2544 2544 2738 | ACC: -5796 14176 -1956 | GYRO: 1056 5474 -701 | GDP=5618.827
FLEX: 2748 0 2517 2470 2497 | ACC: -6348 14692 -2712 | GYRO: 1188 3352 -1276 | GDP=3778.283
FLEX: 2768 0 2533 2593 2768 | ACC: -5776 14360 -3148 | GYRO: 274 1316 -940 | GDP=1640.284
FLEX: 2759 0 2506 2461 2511 | ACC: -8000 14828 -1620 | GYRO: 353 -897 -898 | GDP=1317.430
FLEX: 2787 0 2541 2532 2741 | ACC: -4796 14320 -4704 | GYRO: -141 -1954 -415 | GDP=2002.554
FLEX: 2751 0 2511 2480 2480 | ACC: -8272 15780 -2372 | GYRO: -441 356 -287 | GDP=635.284
FLEX: 2777 0 2538 2494 4095 | ACC: -6636 14772 -2040 | GYRO: 409 -2325 638 | GDP=2445.394
FLEX: 2800 0 2508 2528 714 | ACC: -6540 14624 -1816 | GYRO: 614 -1234 -524 | GDP=1474.560
FLEX: 2785 0 2545 2533 4095 | ACC: -5348 14300 -2884 | GYRO: -444 -994 -768 | GDP=1332.290
FLEX: 2737 0 2512 2512 1009 | ACC: -7904 15012 -72 | GYRO: 1090 -1567 -1053 | GDP=2180.000
FLEX: 2784 0 2544 2523 4095 | ACC: -6220 14160 -1984 | GYRO: 799 -2431 -582 | GDP=2624.288
FLEX: 2799 0 2528 2490 1519 | ACC: -7356 14796 -2308 | GYRO: 935 236 -687 | GDP=1184.014
FLEX: 2755 0 2559 2454 4095 | ACC: -7808 15088 -3296 | GYRO: -1754 -825 413 | GDP=1981.845
FLEX: 2781 0 2466 2467 2591 | ACC: -7656 15132 -308 | GYRO: -667 -9048 1520 | GDP=9198.999
FLEX: 2811 0 2480 2510 2758 | ACC: -6828 14444 156 | GYRO: 209 -7159 245 | GDP=7166.239
FLEX: 2725 0 2532 2434 2523 | ACC: -6192 14620 -1336 | GYRO: 632 -11493 -596 | GDP=11525.783
FLEX: 2794 0 2549 2678 2784 | ACC: -7232 14608 -140 | GYRO: 100 -2759 -1566 | GDP=3174.025
FLEX: 2797 0 2497 2475 2544 | ACC: -7404 14836 -612 | GYRO: -550 -5110 -112 | GDP=5140.734
FLEX: 2896 0 2535 2511 2629 | ACC: -8080 14228 4044 | GYRO: 1333 7008 -1722 | GDP=7338.544
FLEX: 2549 0 2496 2535 2624 | ACC: -7680 14576 -640 | GYRO: 1904 -7275 -151 | GDP=7521.545
FLEX: 2859 0 2535 2459 2623 | ACC: -7012 14780 -1008 | GYRO: -350 1175 -545 | GDP=1341.697
FLEX: 2622 0 2495 2485 2608 | ACC: -8468 14944 1452 | GYRO: -184 -1039 563 | GDP=1195.971
FLEX: 2794 0 2496 2509 2615 | ACC: -6728 14332 1152 | GYRO: 345 -2273 760 | GDP=2421.395
FLEX: 2601 0 2516 2536 2621 | ACC: -6456 14232 1128 | GYRO: 794 -2902 -542 | GDP=3057.091
FLEX: 2811 0 2544 2495 2608 | ACC: -7824 14244 2108 | GYRO: 600 -4893 -1341 | GDP=5108.789
FLEX: 2593 0 2513 2494 2661 | ACC: -9948 14676 3236 | GYRO: 982 -11212 1035 | GDP=11302.411
FLEX: 2779 0 2486 2495 2651 | ACC: -9912 14552 3156 | GYRO: 786 -21958 4277 | GDP=22384.465
FLEX: 2677 0 2494 2486 2613 | ACC: -4820 14540 -592 | GYRO: 304 -23401 4264 | GDP=23788.252
FLEX: 2829 0 2512 2529 2609 | ACC: -6768 15600 3396 | GYRO: -1499 -22855 3482 | GDP=23167.270
FLEX: 2751 0 2590 2448 2512 | ACC: -1704 15532 1404 | GYRO: -780 -21625 2331 | GDP=21764.250
FLEX: 2768 0 2544 2521 2704 | ACC: -2024 14584 4776 | GYRO: -1754 -10351 979 | GDP=10544.105
FLEX: 2736 0 2539 2474 2582 | ACC: -1488 14620 5264 | GYRO: -992 -6040 -354 | GDP=6131.148
FLEX: 2672 0 2533 2515 2625 | ACC: -2720 13856 7664 | GYRO: -1073 -3927 115 | GDP=4072.577
FLEX: 2701 0 2525 2484 2651 | ACC: -1692 14532 5608 | GYRO: -620 -7571 -958 | GDP=7656.514
FLEX: 2386 0 2520 2484 2595 | ACC: -3200 15028 6548 | GYRO: -1970 -5325 -845 | GDP=5740.257
FLEX: 2810 0 2483 2501 2609 | ACC: -1736 14500 7412 | GYRO: -2380 -8088 -154 | GDP=8432.311
FLEX: 2431 0 2524 2515 2593 | ACC: -1680 14752 8348 | GYRO: -1408 -6769 1073 | GDP=6996.653
FLEX: 2822 0 2509 2518 2610 | ACC: -648 14560 7188 | GYRO: -2503 -6439 1683 | GDP=7110.430
FLEX: 2774 0 2558 2500 2625 | ACC: -772 14296 8544 | GYRO: -2302 -465 1689 | GDP=2892.775
FLEX: 2771 0 2513 2461 2543 | ACC: -1832 14100 10136 | GYRO: -2876 -6789 3149 | GDP=8017.362
FLEX: 2771 0 2525 2499 2672 | ACC: 748 13516 8044 | GYRO: -3294 -8297 4133 | GDP=9837.293
FLEX: 2753 0 2532 2455 2554 | ACC: 1060 13268 9600 | GYRO: -4008 -7941 3907 | GDP=9715.358
FLEX: 2765 0 2506 2517 2683 | ACC: 2744 12920 9976 | GYRO: -2722 -7759 3423 | GDP=8906.643
FLEX: 2764 0 2527 2512 2534 | ACC: 2676 12740 10856 | GYRO: -2180 -9357 3097 | GDP=10094.417
FLEX: 2715 0 2517 2495 2670 | ACC: 4236 12812 9524 | GYRO: -1798 -11085 2834 | GDP=11581.951
FLEX: 2768 0 2506 2497 2541 | ACC: 5244 11476 10208 | GYRO: -1127 -10845 2679 | GDP=11227.697
FLEX: 2757 0 2512 2499 2672 | ACC: 6936 12624 8740 | GYRO: -110 -8528 1782 | GDP=8712.887
FLEX: 2737 0 2523 2449 2535 | ACC: 6520 12764 8852 | GYRO: -897 -5932 589 | GDP=6028.279
FLEX: 2745 0 2525 2475 2624 | ACC: 7172 12080 8288 | GYRO: -72 -3009 624 | GDP=3073.864
FLEX: 2770 0 2540 2482 2608 | ACC: 6116 12672 9360 | GYRO: 349 -846 -199 | GDP=936.546
FLEX: 2754 0 2521 2483 2618 | ACC: 7072 12168 8364 | GYRO: 489 -119 222 | GDP=550.060
FLEX: 2768 0 2512 2489 2610 | ACC: 7348 12052 8776 | GYRO: 425 -1748 -16 | GDP=1798.996
FLEX: 2755 0 2517 2516 2609 | ACC: 7256 12044 9212 | GYRO: 152 184 264 | GDP=355.888
FLEX: 2762 0 2542 2473 2603 | ACC: 6584 12140 8960 | GYRO: 1213 -460 199 | GDP=1312.467
FLEX: 2773 0 2479 2481 2605 | ACC: 7704 12344 9176 | GYRO: 1229 301 -159 | GDP=1275.274
FLEX: 2785 0 2529 2462 2613 | ACC: 7360 12424 8968 | GYRO: 1375 -676 -169 | GDP=1541.480
FLEX: 2768 0 2527 2466 2596 | ACC: 7520 12128 9332 | GYRO: 2314 -498 -571 | GDP=2434.880
FLEX: 2765 0 2529 2475 2640 | ACC: 7304 12428 8696 | GYRO: 1931 -787 -683 | GDP=2194.224
FLEX: 2766 0 2512 2511 2618 | ACC: 5988 12536 8404 | GYRO: 1210 -305 -422 | GDP=1317.273
FLEX: 2754 0 2540 2495 2589 | ACC: 6728 12496 7680 | GYRO: 342 -2193 162 | GDP=2225.412
FLEX: 2735 0 2526 2480 2624 | ACC: 7340 12212 8180 | GYRO: 973 -36 62 | GDP=975.638
FLEX: 2738 0 2499 2479 2640 | ACC: 5864 12056 8548 | GYRO: -397 -2137 980 | GDP=2384.277
FLEX: 2766 0 2543 2501 2602 | ACC: 7848 12260 7280 | GYRO: -64 1546 -145 | GDP=1554.103
FLEX: 2768 0 2511 2501 2605 | ACC: 8296 11968 8768 | GYRO: 855 1705 -761 | GDP=2053.575
FLEX: 2777 0 2515 2476 2640 | ACC: 8564 12968 8296 | GYRO: 1119 3463 -1398 | GDP=3898.581
FLEX: 2768 0 2537 2487 2609 | ACC: 8528 12464 8192 | GYRO: 175 11410 -3979 | GDP=12085.163
FLEX: 2768 0 2521 2491 2625 | ACC: 4964 12964 12132 | GYRO: 1828 8349 -3315 | GDP=9167.148
FLEX: 2761 0 2528 2471 2592 | ACC: 6236 12848 9620 | GYRO: 4214 11305 -4254 | GDP=12792.862
FLEX: 2752 0 2510 2450 2555 | ACC: 4200 12624 10532 | GYRO: 5446 17094 -4650 | GDP=18533.381
FLEX: 2768 0 2539 2535 2609 | ACC: 3700 11292 9136 | GYRO: 7327 21656 -6448 | GDP=23753.820
FLEX: 2756 0 2489 2491 2583 | ACC: 1060 11548 9900 | GYRO: 9424 21711 -7309 | GDP=24770.967
FLEX: 2750 0 2527 2498 2597 | ACC: -92 13264 5072 | GYRO: 10115 26732 -7153 | GDP=29463.172
FLEX: 2758 0 2502 2480 2608 | ACC: -6936 14524 4260 | GYRO: 10399 32767 -5955 | GDP=34889.504
FLEX: 2768 0 2515 2502 2609 | ACC: -11660 16084 2432 | GYRO: 10953 26830 -2351 | GDP=29074.805
FLEX: 2777 0 2483 2475 2599 | ACC: -13368 17224 176 | GYRO: 7060 12010 4816 | GDP=14740.338
FLEX: 2773 0 2538 2513 2608 | ACC: -5944 16708 -3428 | GYRO: 3709 3785 9125 | GDP=10552.182
FLEX: 2758 0 2513 2472 2589 | ACC: -3844 16256 -284 | GYRO: 1504 8060 9268 | GDP=12374.225
FLEX: 2787 0 2547 2511 2626 | ACC: -880 15580 -704 | GYRO: 175 10259 7925 | GDP=12964.695
FLEX: 2770 0 2503 2499 2559 | ACC: -2624 16044 3072 | GYRO: 923 9084 6482 | GDP=11197.647
FLEX: 2785 0 2544 2512 2667 | ACC: -420 16064 2892 | GYRO: 1330 3350 6002 | GDP=7001.100
FLEX: 2765 0 2512 2514 2609 | ACC: 1108 15480 3140 | GYRO: 2747 451 3453 | GDP=4435.383
FLEX: 2801 0 2526 2611 2749 | ACC: 2812 15808 2032 | GYRO: 4968 -1850 483 | GDP=5323.233
FLEX: 2767 0 2496 2530 2583 | ACC: 2312 15456 956 | GYRO: 8145 -1975 -3169 | GDP=8960.146
FLEX: 2799 0 2487 2613 2640 | ACC: -2412 15100 -5400 | GYRO: 8474 2124 -5650 | GDP=10403.968
FLEX: 2797 0 2557 2515 2607 | ACC: -5036 15100 -8144 | GYRO: 3274 -180 -3209 | GDP=4587.936
FLEX: 2803 0 2559 2518 2736 | ACC: -4660 16428 -6592 | GYRO: -1407 -3000 398 | GDP=3337.372
FLEX: 2788 0 2539 2507 2544 | ACC: -2368 17132 -2588 | GYRO: -3425 -3529 2212 | GDP=5392.347
FLEX: 2832 0 2559 2635 2763 | ACC: 488 17844 -424 | GYRO: -4045 -5347 2013 | GDP=7000.329
FLEX: 2782 0 2523 2525 2559 | ACC: -228 16684 4872 | GYRO: -1728 -5846 910 | GDP=6163.586
FLEX: 2809 0 2587 2609 2738 | ACC: 3556 16416 2168 | GYRO: -321 -8961 -1340 | GDP=9066.320
FLEX: 2798 0 2544 2497 2596 | ACC: 3028 15564 3868 | GYRO: 1281 -7901 -6564 | GDP=10351.467
FLEX: 2793 0 2559 2597 2765 | ACC: 2208 13412 3656 | GYRO: -975 -219 -12169 | GDP=12209.961
FLEX: 2800 0 2554 2526 2559 | ACC: -1844 12476 844 | GYRO: 8625 -5826 -15572 | GDP=18730.191
FLEX: 2832 0 2589 2608 2736 | ACC: -11816 10664 -6580 | GYRO: 7670 10079 -16230 | GDP=20587.084
FLEX: 2797 0 2551 2549 2544 | ACC: -16664 12196 -7960 | GYRO: 8209 -6902 -9113 | GDP=14073.808
FLEX: 2819 0 2559 2559 2746 | ACC: -13568 12984 -8880 | GYRO: 3535 -8001 -4091 | GDP=9656.526
FLEX: 2777 0 2519 2522 2549 | ACC: -13668 13480 -248 | GYRO: 2149 -12445 -1889 | GDP=12769.674
FLEX: 2814 0 2541 2606 2789 | ACC: -11052 14764 -2252 | GYRO: 4749 -32048 -2033 | GDP=32461.676
FLEX: 2805 0 2512 2505 2547 | ACC: -11148 14944 352 | GYRO: 1805 -32768 -1604 | GDP=32856.852
FLEX: 2818 0 2603 2583 2752 | ACC: -8252 12980 -1664 | GYRO: -460 -32768 -2537 | GDP=32869.281
FLEX: 2795 0 2515 2478 2507 | ACC: -11880 14492 5160 | GYRO: -905 -32768 -1200 | GDP=32802.453
FLEX: 2779 0 2593 2559 2775 | ACC: -9676 12808 3880 | GYRO: 168 -32768 3855 | GDP=32994.410
FLEX: 2800 0 2525 2495 2510 | ACC: -5296 13424 3852 | GYRO: -1257 -32768 9869 | GDP=34244.984
FLEX: 2843 0 2527 2559 2768 | ACC: 4624 12200 3132 | GYRO: -3469 -32768 9394 | GDP=34264.020
FLEX: 2803 0 2514 2523 2524 | ACC: 7732 12068 5044 | GYRO: -8184 -16786 2860 | GDP=18892.518
FLEX: 2819 0 2587 2559 2743 | ACC: 5356 8892 12660 | GYRO: -13298 -16803 2401 | GDP=21562.523
FLEX: 2785 0 2555 2525 2517 | ACC: 6096 8732 15440 | GYRO: -5661 -7170 1397 | GDP=9241.614
FLEX: 2752 0 2545 2479 2779 | ACC: 5980 9092 14960 | GYRO: -1644 -6758 993 | GDP=7025.621
FLEX: 2777 0 2542 2482 2553 | ACC: 6368 9732 12328 | GYRO: 608 -1051 -1 | GDP=1214.194
FLEX: 2815 0 2559 2559 2782 | ACC: 5884 10980 10992 | GYRO: -120 -3053 535 | GDP=3101.844
FLEX: 2802 0 2559 2480 2522 | ACC: 6304 10472 10812 | GYRO: -139 -3325 1223 | GDP=3545.515
FLEX: 2828 0 2602 2559 2768 | ACC: 6832 9968 11196 | GYRO: -917 -1552 2330 | GDP=2945.928
FLEX: 2796 0 2549 2455 2472 | ACC: 6680 9936 11948 | GYRO: 784 -2590 2935 | GDP=3992.115
FLEX: 2826 0 2596 2625 2775 | ACC: 8004 9740 10436 | GYRO: 946 -2717 3340 | GDP=4408.243
FLEX: 2809 0 2527 2478 2512 | ACC: 7676 10440 9272 | GYRO: 610 -3003 3319 | GDP=4517.286
FLEX: 2787 0 2559 2558 2768 | ACC: 11344 10760 216 | GYRO: -1203 -1136 956 | GDP=1910.927
FLEX: 2802 0 2521 2511 2512 | ACC: 10216 7028 10068 | GYRO: -16884 -7994 960 | GDP=18705.482
FLEX: 2797 0 2559 2559 2761 | ACC: 9640 5232 16196 | GYRO: -8522 -9857 1071 | GDP=13074.096
FLEX: 2787 0 2535 2477 2530 | ACC: 13620 5388 11336 | GYRO: -7099 -1738 -1622 | GDP=7486.477
FLEX: 2799 0 2559 2559 2768 | ACC: 9584 5748 13684 | GYRO: -5640 -2527 -2324 | GDP=6602.750
FLEX: 2784 0 2530 2476 2507 | ACC: 9772 5540 13504 | GYRO: -4201 -2447 -1553 | GDP=5103.726
FLEX: 2790 0 2559 2559 2778 | ACC: 11068 5756 11508 | GYRO: -672 2749 -1181 | GDP=3066.488
FLEX: 2797 0 2512 2479 2512 | ACC: 7928 6000 14624 | GYRO: 718 3918 -139 | GDP=3985.670
FLEX: 2820 0 2555 2559 2834 | ACC: 9300 5820 12568 | GYRO: 2834 225 1222 | GDP=3094.425
FLEX: 2806 0 2515 2448 2506 | ACC: 9808 6056 12204 | GYRO: 1608 1940 1642 | GDP=3007.562
FLEX: 2821 0 2559 2585 2781 | ACC: 10344 6716 12520 | GYRO: 124 -315 1104 | GDP=1154.737
FLEX: 2795 0 2506 2481 2510 | ACC: 9380 6180 12976 | GYRO: -1389 1134 281 | GDP=1815.004
FLEX: 2800 0 2582 2548 2761 | ACC: 8584 5868 14128 | GYRO: 797 1055 1336 | GDP=1879.662
FLEX: 2768 0 2515 2473 2490 | ACC: 8344 5928 12592 | GYRO: 1252 2203 2821 | GDP=3791.933
FLEX: 2803 0 2546 2559 2785 | ACC: 9404 4700 12508 | GYRO: 1402 2087 3349 | GDP=4187.717
FLEX: 2806 0 2507 2486 2491 | ACC: 9204 5468 11880 | GYRO: 2433 1833 2699 | GDP=4069.887
FLEX: 2809 0 2547 2592 2827 | ACC: 10972 5000 11580 | GYRO: 353 521 3861 | GDP=3911.952
FLEX: 2822 0 2540 2500 2492 | ACC: 11204 4968 13204 | GYRO: 1823 1146 2176 | GDP=3061.310
FLEX: 2805 0 2594 2615 2787 | ACC: 10444 4712 12476 | GYRO: 3511 449 2267 | GDP=4203.333
FLEX: 2791 0 2547 2470 2480 | ACC: 9644 5088 12600 | GYRO: 3500 1816 2742 | GDP=4802.751
FLEX: 2857 0 2559 2478 2775 | ACC: 9224 3696 14544 | GYRO: 5050 2608 3903 | GDP=6894.750
FLEX: 2775 0 2549 2473 2555 | ACC: 7376 4968 13176 | GYRO: 5180 1371 4132 | GDP=6766.496
FLEX: 2815 0 2550 2530 2777 | ACC: 7496 4668 13980 | GYRO: 5771 4330 5481 | GDP=9060.612
FLEX: 2800 0 2545 2559 2507 | ACC: 7164 4616 15504 | GYRO: 7464 3438 7327 | GDP=11009.816
FLEX: 2780 0 2585 2528 2704 | ACC: 10796 4680 12392 | GYRO: 10868 9172 8124 | GDP=16377.984
FLEX: 2796 0 2515 2424 2485 | ACC: 11004 6816 9248 | GYRO: 8009 8199 6249 | GDP=13054.412
FLEX: 2884 0 2554 2551 2748 | ACC: 11620 5840 10544 | GYRO: 3723 4972 5134 | GDP=8058.503
FLEX: 2837 0 2496 2474 2509 | ACC: 10900 4568 11108 | GYRO: 4939 7031 3141 | GDP=9148.473
FLEX: 2818 0 2559 2559 2765 | ACC: 10876 5180 11976 | GYRO: 3738 8805 2995 | GDP=10023.507
FLEX: 2761 0 2502 2476 2559 | ACC: 12204 2168 6488 | GYRO: 9224 32727 -170 | GDP=34002.465
FLEX: 2753 0 2595 2509 2739 | ACC: 1980 -648 13948 | GYRO: 8015 32767 3546 | GDP=33918.883
FLEX: 2806 0 2465 2512 2527 | ACC: -1972 6888 9064 | GYRO: 9549 32767 100 | GDP=34130.188
FLEX: 2815 0 2537 2535 2738 | ACC: -5412 9960 6992 | GYRO: 4248 32767 3260 | GDP=33201.645
FLEX: 2763 0 2512 2453 2559 | ACC: -12380 9884 11344 | GYRO: 2350 28130 -79 | GDP=28228.102
FLEX: 2762 0 2534 2559 2789 | ACC: -17544 11008 7940 | GYRO: 131 29798 -2436 | GDP=29897.693
FLEX: 2774 0 2531 2543 2544 | ACC: -18836 12212 5728 | GYRO: -1500 -5698 1670 | GDP=6124.223
FLEX: 2790 0 2559 2531 2767 | ACC: -12348 11776 4596 | GYRO: -5325 11495 2662 | GDP=12945.149
FLEX: 2726 0 2526 2537 2544 | ACC: -8508 10248 5432 | GYRO: -8960 4151 -5058 | GDP=11094.853
FLEX: 2767 0 2591 2496 2736 | ACC: -12500 12252 9968 | GYRO: -11068 8621 -7427 | GDP=15873.960
FLEX: 2753 0 2559 2515 2543 | ACC: -7780 7960 11580 | GYRO: -7355 -6911 -5847 | GDP=11663.849
FLEX: 2768 0 2543 2519 2711 | ACC: -3976 4340 7640 | GYRO: -5542 -1076 -12079 | GDP=13333.184
FLEX: 2790 0 2512 2509 2544 | ACC: -10928 5124 11224 | GYRO: -3974 -1440 -14869 | GDP=15458.119
FLEX: 2789 0 2557 2509 2734 | ACC: -11828 -700 6860 | GYRO: -5354 4967 -20561 | GDP=21819.514
FLEX: 2782 0 2542 2513 2527 | ACC: -26968 -1980 9332 | GYRO: 5097 -999 -7082 | GDP=8782.490
FLEX: 2784 0 2559 2510 2674 | ACC: -22400 964 6980 | GYRO: 2765 -1253 4510 | GDP=5436.482
FLEX: 2786 0 2559 2531 2531 | ACC: -18564 3184 10024 | GYRO: 2494 3662 13075 | GDP=13805.285
FLEX: 2773 0 2544 2527 2670 | ACC: -15112 5020 10936 | GYRO: 5545 -88 16733 | GDP=17628.047
FLEX: 2779 0 2606 2512 2559 | ACC: -9232 4124 8556 | GYRO: 7645 32 16682 | GDP=18350.373
FLEX: 2754 0 2555 2503 2695 | ACC: -7568 6284 5168 | GYRO: 7085 6235 12772 | GDP=15880.693
FLEX: 2733 0 2537 2496 2559 | ACC: -11340 6788 7676 | GYRO: 6891 7493 10339 | GDP=14509.509
FLEX: 2762 0 2559 2527 2650 | ACC: -10992 6784 5928 | GYRO: 5880 -3794 4794 | GDP=8482.409
FLEX: 2754 0 2559 2515 2613 | ACC: -8768 6476 3628 | GYRO: 5815 -1054 -787 | GDP=5961.921
FLEX: 2750 0 2538 2522 2678 | ACC: -6168 9844 3352 | GYRO: 4961 -1248 -8277 | GDP=9730.249
FLEX: 2782 0 2529 2496 2615 | ACC: -8664 -1080 4484 | GYRO: 2982 2960 -15660 | GDP=16213.868
FLEX: 2770 0 2559 2492 2662 | ACC: -32768 11988 1200 | GYRO: 2128 -670 -5102 | GDP=5568.455
FLEX: 2795 0 2534 2518 2605 | ACC: -16844 7200 3384 | GYRO: -533 -5067 6352 | GDP=8142.879
FLEX: 2768 0 2546 2509 2703 | ACC: -13356 9072 5300 | GYRO: 5277 3377 5645 | GDP=8433.082
FLEX: 2764 0 2545 2513 2619 | ACC: -12476 8132 4704 | GYRO: 4164 -1088 5809 | GDP=7229.600
FLEX: 2770 0 2546 2468 2651 | ACC: -13224 8600 5360 | GYRO: 2767 232 7254 | GDP=7767.279
FLEX: 2752 0 2545 2527 2625 | ACC: -11096 9856 3864 | GYRO: 3517 -103 6524 | GDP=7412.319
FLEX: 2770 0 2544 2495 2650 | ACC: -9156 10428 3716 | GYRO: 3314 1354 6070 | GDP=7047.043
FLEX: 2751 0 2539 2523 2635 | ACC: -6256 11276 3268 | GYRO: 3839 2208 2941 | GDP=5316.264
FLEX: 2768 0 2527 2512 2640 | ACC: -3032 11380 2664 | GYRO: -179 787 -6496 | GDP=6545.947
FLEX: 2768 0 2535 2532 2630 | ACC: -10824 8004 2844 | GYRO: 391 -1013 -11902 | GDP=11951.429
FLEX: 2765 0 2528 2512 2631 | ACC: -24012 10204 1748 | GYRO: 448 3052 -4742 | GDP=5657.028
FLEX: 2798 0 2558 2514 2627 | ACC: -16276 9276 2904 | GYRO: -24 448 2188 | GDP=2233.523
FLEX: 2775 0 2559 2537 2628 | ACC: -11084 9684 2692 | GYRO: -816 1523 1800 | GDP=2495.072
FLEX: 2811 0 2609 2528 2687 | ACC: -11012 9376 3252 | GYRO: 1000 -151 364 | GDP=1074.847
FLEX: 2753 0 2544 2502 2624 | ACC: -13320 9760 3452 | GYRO: -767 -461 457 | GDP=1004.818
FLEX: 2767 0 2613 2544 2626 | ACC: -13228 9204 3660 | GYRO: -320 -681 893 | GDP=1167.737
FLEX: 2769 0 2559 2485 2555 | ACC: -12252 9612 3984 | GYRO: 819 -2154 1081 | GDP=2545.396
FLEX: 2773 0 2559 2506 2629 | ACC: -11252 9948 3112 | GYRO: 1106 -1905 -157 | GDP=2208.373
FLEX: 2750 0 2589 2497 2606 | ACC: -9832 9240 4572 | GYRO: 348 -1132 -2083 | GDP=2396.125
FLEX: 2768 0 2559 2533 2635 | ACC: -8636 8656 3956 | GYRO: 1513 -941 -8143 | GDP=8335.652
FLEX: 2768 0 2583 2470 2587 | ACC: -16816 8476 3576 | GYRO: -843 -2626 -7175 | GDP=7686.817
FLEX: 2752 0 2551 2505 2642 | ACC: -18160 8304 3288 | GYRO: 338 -1264 -1570 | GDP=2043.732
FLEX: 2754 0 2544 2463 2559 | ACC: -14288 7908 4800 | GYRO: 445 -2056 2642 | GDP=3377.177
FLEX: 2795 0 2559 2506 2645 | ACC: -10144 8476 3912 | GYRO: 296 260 645 | GDP=755.805
FLEX: 2752 0 2535 2496 2605 | ACC: -12360 8396 5764 | GYRO: 608 -2302 -1222 | GDP=2676.220
FLEX: 2751 0 2582 2517 2669 | ACC: -13584 8548 4704 | GYRO: 86 -1426 -1180 | GDP=1852.909
FLEX: 2725 1943 2559 2465 2559 | ACC: -13760 7960 5768 | GYRO: 1731 -1013 -722 | GDP=2131.622
FLEX: 2786 1959 2587 2526 2673 | ACC: -13140 8204 4328 | GYRO: 523 -1227 -232 | GDP=1353.840
FLEX: 2761 1951 2530 2480 2544 | ACC: -13888 7868 5528 | GYRO: 1231 -543 35 | GDP=1345.896
FLEX: 2749 1975 2603 2486 2695 | ACC: -14900 7372 6264 | GYRO: 3445 -3219 956 | GDP=4810.813
FLEX: 2736 0 2557 2439 2546 | ACC: -18260 7788 9468 | GYRO: 7624 -16314 2315 | GDP=18155.748
FLEX: 2777 0 2586 2544 2718 | ACC: -15544 8660 6408 | GYRO: 10865 -32768 3520 | GDP=34701.305
FLEX: 2765 0 2524 2451 2559 | ACC: -5480 9772 1856 | GYRO: 8098 -32768 3275 | GDP=33912.313
FLEX: 2768 0 2559 2542 2643 | ACC: -568 11108 4108 | GYRO: -8419 -17217 -2803 | GDP=19369.084
FLEX: 2738 1972 2501 2462 2534 | ACC: -7172 6020 15208 | GYRO: -7382 -12131 -965 | GDP=14233.282
FLEX: 2765 2010 2593 2454 2672 | ACC: -2072 9908 12108 | GYRO: 2470 -1575 -3268 | GDP=4388.775
FLEX: 2767 1962 2535 2479 2545 | ACC: -6952 8620 15460 | GYRO: -533 3472 -2412 | GDP=4261.058
FLEX: 2770 1973 2549 2498 2690 | ACC: -5680 9108 11856 | GYRO: 1075 893 672 | GDP=1550.696
FLEX: 2722 1984 2513 2450 2523 | ACC: -4592 8844 10584 | GYRO: 646 6809 -986 | GDP=6910.282
FLEX: 2775 1999 2559 2511 2698 | ACC: -4464 9388 8756 | GYRO: -1983 17273 -540 | GDP=17394.838
FLEX: 2758 1988 2511 2454 2516 | ACC: -10720 7656 14196 | GYRO: -1124 19888 -3772 | GDP=20273.725
FLEX: 2731 2032 2558 2503 2698 | ACC: -10312 7928 10852 | GYRO: -3048 15166 -1239 | GDP=15518.794
FLEX: 2743 2005 2515 2463 2526 | ACC: -11620 7344 10688 | GYRO: -3009 6239 -2126 | GDP=7245.625
FLEX: 2757 2030 2559 2537 2730 | ACC: -11076 6868 10136 | GYRO: 70 -295 -2282 | GDP=2302.053
FLEX: 2734 1995 2512 2455 2501 | ACC: -11112 7612 8484 | GYRO: 210 -2207 -2934 | GDP=3677.405
FLEX: 2742 2039 2544 2513 2701 | ACC: -11064 6784 9168 | GYRO: -1591 2127 -1801 | GDP=3209.207
FLEX: 2722 2055 2544 2475 2505 | ACC: -12048 6620 10312 | GYRO: -520 2670 -1319 | GDP=3023.088
FLEX: 2748 2076 2559 2519 2729 | ACC: -12048 6248 10608 | GYRO: 1160 1133 180 | GDP=1631.468
FLEX: 2723 2064 2551 2466 2521 | ACC: -10964 6544 8760 | GYRO: 1299 4083 392 | GDP=4302.552
FLEX: 2743 2066 2559 2502 2726 | ACC: -11936 6600 9348 | GYRO: 369 3072 335 | GDP=3112.165
FLEX: 2730 2061 2532 2463 2503 | ACC: -11892 7100 8408 | GYRO: 2498 65 -564 | GDP=2561.704
FLEX: 2745 2106 2539 2496 2736 | ACC: -12420 7104 8152 | GYRO: 233 -373 153 | GDP=465.647
FLEX: 2736 2195 2530 2446 2505 | ACC: -11816 6416 8484 | GYRO: 611 203 -31 | GDP=644.586
FLEX: 2739 2270 2583 2478 2726 | ACC: -12228 7020 9044 | GYRO: 354 -892 119 | GDP=967.027
FLEX: 2716 2251 2496 2467 2494 | ACC: -12004 6612 8928 | GYRO: 883 -176 507 | GDP=1033.302
FLEX: 2743 2249 2559 2512 2751 | ACC: -11420 6492 8972 | GYRO: 978 33 247 | GDP=1009.248
FLEX: 2706 2231 2518 2440 2496 | ACC: -11472 6972 8268 | GYRO: 1584 1900 -729 | GDP=2578.856
FLEX: 2739 2209 2559 2498 2755 | ACC: -12684 6940 8908 | GYRO: 201 -405 -336 | GDP=563.313
FLEX: 2719 2190 2544 2429 2491 | ACC: -11388 6580 8488 | GYRO: 1447 1109 -385 | GDP=1863.307
FLEX: 2736 2178 2559 2512 2747 | ACC: -12364 6984 8796 | GYRO: 965 2530 -302 | GDP=2724.579
FLEX: 2709 2145 2529 2473 2507 | ACC: -11756 6956 8160 | GYRO: 1641 2299 163 | GDP=2829.284
FLEX: 2738 2108 2537 2459 2735 | ACC: -12580 6712 8216 | GYRO: 857 4705 268 | GDP=4789.916
FLEX: 2736 2081 2537 2455 2495 | ACC: -11836 7180 6504 | GYRO: 1733 7012 994 | GDP=7291.054
FLEX: 2722 2071 2559 2506 2757 | ACC: -12556 6580 6196 | GYRO: 2126 9004 -922 | GDP=9297.417
FLEX: 2724 2026 2527 2457 2487 | ACC: -13600 7616 4904 | GYRO: 2867 11617 -2404 | GDP=12204.655
FLEX: 2745 2047 2559 2501 2761 | ACC: -14704 7004 4968 | GYRO: 926 5735 -1654 | GDP=6040.150
FLEX: 2705 2011 2526 2469 2489 | ACC: -15256 7288 3948 | GYRO: 50 2689 -538 | GDP=2742.748
FLEX: 2699 2063 2550 2509 2737 | ACC: -14996 6024 4444 | GYRO: 719 -306 634 | GDP=1006.257
FLEX: 2727 2018 2545 2448 2541 | ACC: -13228 6340 3648 | GYRO: 1504 875 617 | GDP=1846.166
FLEX: 2733 2026 2559 2511 2782 | ACC: -14112 6616 4844 | GYRO: 1631 1403 496 | GDP=2207.846
FLEX: 2709 2037 2534 2435 2481 | ACC: -14440 7124 4088 | GYRO: 1468 -461 535 | GDP=1629.040
FLEX: 2742 2097 2555 2529 2765 | ACC: -13780 6760 3296 | GYRO: 1282 855 739 | GDP=1708.997
FLEX: 2695 1988 2512 2440 2480 | ACC: -14248 7464 3980 | GYRO: 2447 1620 814 | GDP=3045.457
FLEX: 2743 2056 2559 2539 2809 | ACC: -13484 6956 3668 | GYRO: 3070 1205 531 | GDP=3340.492
FLEX: 2704 2111 2493 2459 2480 | ACC: -13844 6920 4152 | GYRO: 4730 2378 -658 | GDP=5334.862
FLEX: 2754 0 2602 2486 2770 | ACC: -12652 6712 2360 | GYRO: 6192 796 -2357 | GDP=6673.075
FLEX: 2739 0 2519 2401 2458 | ACC: -14264 8028 964 | GYRO: 5154 2641 -3098 | GDP=6567.815
FLEX: 2758 0 2559 2473 2697 | ACC: -16012 7140 1320 | GYRO: 2596 1174 -352 | GDP=2870.783
FLEX: 2800 0 2465 2490 2486 | ACC: -14612 7336 660 | GYRO: 733 763 1163 | GDP=1572.268
FLEX: 2775 0 2544 2512 2752 | ACC: -15600 7400 2456 | GYRO: -841 762 642 | GDP=1303.875
FLEX: 2733 0 2544 2499 2497 | ACC: -14364 6808 1852 | GYRO: -2131 -501 2014 | GDP=2974.619
FLEX: 2775 0 2550 2503 2737 | ACC: -13504 7028 2456 | GYRO: -785 97 1128 | GDP=1377.686
FLEX: 2706 0 2559 2438 2459 | ACC: -13092 7652 1696 | GYRO: -237 1214 665 | GDP=1404.347
FLEX: 2761 0 2551 2521 2742 | ACC: -11352 6632 -1164 | GYRO: -2136 12105 -1596 | GDP=12395.190
FLEX: 2719 0 2532 2466 2496 | ACC: -9324 5156 -5680 | GYRO: -2115 28725 -6256 | GDP=29474.334
FLEX: 2714 0 2559 2433 2729 | ACC: -24736 6252 -1004 | GYRO: 3712 32767 -11603 | GDP=34958.332
FLEX: 2670 0 2483 2400 2494 | ACC: -24424 7688 -800 | GYRO: 4222 -14906 5802 | GDP=16543.195
FLEX: 2705 0 2553 2434 2679 | ACC: -4564 4592 -17712 | GYRO: 3488 -8819 4501 | GDP=10497.614
FLEX: 2719 0 2521 2466 2525 | ACC: -16032 5868 -4720 | GYRO: -1025 5159 608 | GDP=5294.862
FLEX: 2736 0 2554 2497 2678 | ACC: -11736 6324 -8592 | GYRO: 98 -2948 2284 | GDP=3730.545
FLEX: 2683 0 2584 2448 2520 | ACC: -13688 5728 -5392 | GYRO: -880 455 -390 | GDP=1064.671
FLEX: 2695 0 2559 2460 2672 | ACC: -13696 6472 -5888 | GYRO: -872 -682 575 | GDP=1247.451
FLEX: 2701 0 2540 2425 2478 | ACC: -13628 7016 -5856 | GYRO: 733 -2075 691 | GDP=2306.598
FLEX: 2682 0 2588 2500 2642 | ACC: -12852 6528 -6768 | GYRO: 457 -944 700 | GDP=1260.946
FLEX: 2682 0 2559 2490 2531 | ACC: -16688 6056 -2692 | GYRO: 1500 -4255 1643 | GDP=4801.507
FLEX: 2695 0 2602 2473 2672 | ACC: -18716 7824 -3704 | GYRO: 3497 -29699 6769 | GDP=30660.707
FLEX: 2730 0 2591 2474 2513 | ACC: -18024 6448 -3120 | GYRO: 5383 -32768 9512 | GDP=34542.676
FLEX: 2739 0 2582 2518 2655 | ACC: -14132 8512 -3824 | GYRO: 2205 -32768 12949 | GDP=35302.699
FLEX: 2721 0 2555 2469 2522 | ACC: -3372 8096 -2144 | GYRO: -4666 -11685 5338 | GDP=13667.663
FLEX: 2684 0 2604 2416 2650 | ACC: -13080 9820 10500 | GYRO: -2735 1237 597 | GDP=3060.523
FLEX: 2638 0 2599 2437 2480 | ACC: -10092 9664 8204 | GYRO: -1727 -6174 4374 | GDP=7760.972
FLEX: 2646 0 2582 2437 2559 | ACC: -8532 9768 7960 | GYRO: 1270 -2156 551 | GDP=2562.194
FLEX: 2625 0 2559 2445 2475 | ACC: -9916 10480 8064 | GYRO: 955 -426 -226 | GDP=1069.849
FLEX: 2639 0 2559 2465 2553 | ACC: -10728 9612 8572 | GYRO: 433 -1570 -405 | GDP=1678.218
FLEX: 2639 0 2559 2427 2483 | ACC: -10692 9716 8240 | GYRO: 588 -1750 73 | GDP=1847.586
FLEX: 2622 0 2558 2439 2559 | ACC: -10256 9836 7632 | GYRO: 505 -1792 237 | GDP=1876.821
FLEX: 2624 0 2557 2391 2502 | ACC: -11040 10196 8404 | GYRO: 196 -3156 824 | GDP=3267.679
FLEX: 2629 0 2550 2426 2534 | ACC: -10008 9656 9036 | GYRO: 39 -7177 2523 | GDP=7607.652
FLEX: 2612 0 2559 2422 2513 | ACC: -7512 9816 7572 | GYRO: -20 -2385 1321 | GDP=2726.475
FLEX: 2559 0 2589 2447 2559 | ACC: -9216 10248 9196 | GYRO: -624 970 -114 | GDP=1158.996
FLEX: 2608 0 2586 2470 2522 | ACC: -9688 9716 10356 | GYRO: 304 -811 839 | GDP=1205.843
FLEX: 2621 0 2598 2455 2559 | ACC: -8480 10116 8916 | GYRO: 1406 628 100 | GDP=1543.120
FLEX: 2586 0 2618 2468 2510 | ACC: -9480 10228 9064 | GYRO: -459 1426 396 | GDP=1549.507
FLEX: 2559 0 2608 2470 2551 | ACC: -9288 10552 9320 | GYRO: 586 -4895 982 | GDP=5026.803
FLEX: 2544 0 2607 2462 2503 | ACC: -8492 8584 9344 | GYRO: -1032 -1431 1032 | GDP=2043.969
FLEX: 2522 0 2586 2473 2537 | ACC: -8536 10872 8448 | GYRO: -309 -1490 640 | GDP=1650.812
FLEX: 2480 0 2559 2465 2533 | ACC: -8912 9748 9660 | GYRO: -1379 -2494 604 | GDP=2913.159
FLEX: 2449 0 2539 2485 2559 | ACC: -8540 10164 10140 | GYRO: -649 -2756 886 | GDP=2966.771
FLEX: 2442 0 2559 2490 2498 | ACC: -8148 9596 10116 | GYRO: 275 -3240 1255 | GDP=3485.434
FLEX: 2448 0 2512 2460 2518 | ACC: -7592 9716 10684 | GYRO: 595 -2863 849 | GDP=3044.929
FLEX: 2447 0 2544 2455 2518 | ACC: -7972 9620 11704 | GYRO: 417 -5484 24 | GDP=5499.884
FLEX: 2448 0 2515 2447 2537 | ACC: -5896 10268 10204 | GYRO: 1355 -10086 1421 | GDP=10275.342
FLEX: 2483 0 2543 2469 2530 | ACC: -6024 10080 11576 | GYRO: -1170 -5184 -183 | GDP=5317.541
FLEX: 2514 0 2526 2484 2522 | ACC: -5340 9956 11956 | GYRO: -1633 -6971 562 | GDP=7181.739
FLEX: 2507 0 2559 2490 2531 | ACC: -4976 9556 12744 | GYRO: -522 -3170 559 | GDP=3260.961
FLEX: 2501 0 2544 2483 2503 | ACC: -4632 9796 12288 | GYRO: 623 -1680 811 | GDP=1966.787
FLEX: 2544 0 2559 2480 2502 | ACC: -5392 10084 13344 | GYRO: 484 15 1167 | GDP=1263.475
FLEX: 2507 0 2559 2483 2473 | ACC: -4456 9824 12412 | GYRO: 2530 -1493 1332 | GDP=3225.550
FLEX: 2490 0 2559 2482 2511 | ACC: -4156 10444 11664 | GYRO: 2712 -1320 658 | GDP=3087.120
FLEX: 2466 0 2559 2463 2499 | ACC: -4096 10888 11524 | GYRO: 2462 -814 17 | GDP=2593.131
FLEX: 2454 0 2559 2439 2486 | ACC: -4636 10368 12032 | GYRO: 276 -145 296 | GDP=429.903
FLEX: 2436 0 2544 2448 2449 | ACC: -4320 10608 11860 | GYRO: 542 -698 -581 | GDP=1057.605
FLEX: 2455 0 2559 2446 2467 | ACC: -4092 10612 12276 | GYRO: -21 -294 -209 | GDP=361.328
FLEX: 2435 0 2536 2423 2416 | ACC: -4140 9996 12684 | GYRO: 744 397 -260 | GDP=882.465
FLEX: 2448 0 2527 2447 2453 | ACC: -3836 10132 11676 | GYRO: 547 962 -295 | GDP=1145.285
FLEX: 2455 0 2533 2405 2413 | ACC: -5052 10656 12156 | GYRO: 145 327 -228 | GDP=424.191
FLEX: 2471 0 2517 2423 2481 | ACC: -4648 9864 12236 | GYRO: -412 492 467 | GDP=793.661
FLEX: 2462 0 2505 2411 2432 | ACC: -4556 10004 12472 | GYRO: 966 -98 -188 | GDP=988.991
FLEX: 2507 0 2531 2469 2480 | ACC: -4240 10124 12248 | GYRO: 1393 503 -284 | GDP=1508.017
FLEX: 2476 0 2523 2431 2434 | ACC: -4112 10584 12588 | GYRO: 3125 -13 -269 | GDP=3136.583
FLEX: 2455 0 2514 2467 2512 | ACC: -4576 10456 11832 | GYRO: 2677 1501 -740 | GDP=3157.044
FLEX: 2438 0 2544 2446 2448 | ACC: -5208 10900 11272 | GYRO: 3047 1250 -24 | GDP=3293.522
FLEX: 2431 0 2613 2491 2554 | ACC: -5240 10564 11988 | GYRO: 1889 -634 647 | GDP=2094.967
FLEX: 2417 0 2642 2512 2520 | ACC: -4844 10920 11536 | GYRO: 1755 894 314 | GDP=1994.457
FLEX: 2438 0 2674 2624 2646 | ACC: -4876 11216 11368 | GYRO: 2656 -510 200 | GDP=2711.906
FLEX: 2405 0 2715 2640 2609 | ACC: -4868 11432 10828 | GYRO: 1654 889 488 | GDP=1940.150
FLEX: 2413 0 2743 2682 2704 | ACC: -4680 11532 11104 | GYRO: 1577 -109 283 | GDP=1605.895
FLEX: 2391 0 2731 2640 2625 | ACC: -4728 10836 11204 | GYRO: 2165 -1336 -1222 | GDP=2822.305
FLEX: 2445 0 2758 2687 2774 | ACC: -3696 12284 9804 | GYRO: 621 -432 -2343 | GDP=2462.095
FLEX: 2509 0 2785 2634 2615 | ACC: -5284 10900 10972 | GYRO: -646 997 -23 | GDP=1188.215
FLEX: 2559 0 2767 2786 2882 | ACC: -6340 11416 11968 | GYRO: -1179 -181 669 | GDP=1367.612
FLEX: 2615 0 2721 2559 2649 | ACC: -3852 11572 9560 | GYRO: 636 1223 1011 | GDP=1709.487
FLEX: 2677 0 2747 2819 2917 | ACC: -4928 10628 11416 | GYRO: -508 -325 1678 | GDP=1783.080
FLEX: 2663 0 2694 2447 2640 | ACC: -4460 11516 10744 | GYRO: -1829 330 1958 | GDP=2699.612
FLEX: 2707 0 2692 2815 2859 | ACC: -4056 9788 11816 | GYRO: -134 -77 2549 | GDP=2553.681
FLEX: 2700 0 2641 2394 2608 | ACC: -4796 10608 13076 | GYRO: 822 541 2285 | GDP=2487.889
FLEX: 2764 0 2639 2783 2876 | ACC: -4200 11652 11220 | GYRO: 2570 -673 2610 | GDP=3724.235
FLEX: 2720 0 2629 2340 2587 | ACC: -3704 11680 10080 | GYRO: 1146 252 2227 | GDP=2517.210
FLEX: 2751 0 2641 2735 2895 | ACC: -4444 10548 12896 | GYRO: 3216 -1197 2230 | GDP=4092.477
FLEX: 2741 0 2624 2303 2627 | ACC: -2324 11240 10608 | GYRO: 2592 886 1378 | GDP=3066.324
FLEX: 2759 0 2625 2685 2961 | ACC: -3184 12808 10168 | GYRO: 2153 1066 539 | GDP=2462.171
FLEX: 2718 0 2559 2279 2602 | ACC: -3324 10992 10488 | GYRO: 2098 124 688 | GDP=2211.408
FLEX: 2758 0 2633 2673 2911 | ACC: -4152 12204 11052 | GYRO: 405 -938 100 | GDP=1026.581
FLEX: 2719 0 2559 2270 2614 | ACC: -2760 11372 10120 | GYRO: 2024 433 -677 | GDP=2177.704
FLEX: 2752 0 2608 2673 2902 | ACC: -2304 12840 8980 | GYRO: -2017 -3018 -2457 | GDP=4383.316
FLEX: 2735 0 2585 2269 2559 | ACC: -3272 10632 11456 | GYRO: -3186 -1051 -3787 | GDP=5059.305
FLEX: 2751 0 2601 2688 2903 | ACC: -4480 11584 12264 | GYRO: -1776 -923 -2412 | GDP=3134.302
FLEX: 2730 0 2559 2226 2810 | ACC: -5500 10896 13064 | GYRO: 1457 -1162 -939 | GDP=2086.819
FLEX: 2738 0 2588 2672 2901 | ACC: -4852 11160 11320 | GYRO: 1424 -206 -460 | GDP=1510.567
FLEX: 2706 0 2553 2229 2585 | ACC: -4428 11460 10796 | GYRO: 1164 -487 590 | GDP=1392.898
FLEX: 2734 0 2592 2678 2891 | ACC: -3712 11580 10896 | GYRO: 777 -471 883 | GDP=1266.988
FLEX: 2721 0 2559 2223 2555 | ACC: -2888 10940 11356 | GYRO: 617 -40 600 | GDP=861.562
FLEX: 2731 0 2587 2671 2910 | ACC: -3060 11240 11748 | GYRO: 714 2679 -558 | GDP=2828.109
FLEX: 2737 0 2557 2218 2549 | ACC: -3316 11076 10820 | GYRO: 1752 2300 -825 | GDP=3006.681
FLEX: 2737 0 2597 2659 2883 | ACC: -2912 11436 9360 | GYRO: 1988 6007 -1147 | GDP=6430.537
FLEX: 2725 0 2538 2238 2559 | ACC: -5624 11308 11548 | GYRO: 3084 14660 -827 | GDP=15003.686
FLEX: 2755 0 2559 2689 2869 | ACC: -6820 11728 9756 | GYRO: 4455 18065 -1096 | GDP=18638.467
FLEX: 2763 0 2559 2207 2531 | ACC: -7260 11932 7144 | GYRO: 3804 20190 423 | GDP=20549.584
FLEX: 2777 0 2618 2688 2898 | ACC: -6528 13436 2128 | GYRO: 2126 27687 -1825 | GDP=27828.412
FLEX: 2767 0 2594 2241 2533 | ACC: -10760 11152 5000 | GYRO: 2896 29806 -3604 | GDP=30162.447
FLEX: 2778 0 2621 2717 2923 | ACC: -7140 10896 -2176 | GYRO: 1155 32767 -5895 | GDP=33313.078
FLEX: 2769 0 2592 2233 2546 | ACC: -14756 11056 4304 | GYRO: 660 15970 -2262 | GDP=16142.897
FLEX: 2751 0 2663 2763 2863 | ACC: -12324 10460 -2964 | GYRO: 1129 30728 -5015 | GDP=31155.012
FLEX: 2768 0 2598 2152 2544 | ACC: -12940 10560 -2956 | GYRO: 1491 14114 -1566 | GDP=14278.671
FLEX: 2753 0 2646 2640 2875 | ACC: -12712 10248 -5476 | GYRO: 119 24351 -2768 | GDP=24508.104
FLEX: 2701 0 2512 2201 2512 | ACC: -8660 9988 -9232 | GYRO: 479 8779 -1003 | GDP=8849.084
FLEX: 2729 0 2619 2624 2885 | ACC: -12844 9908 -5220 | GYRO: 164 15239 -1685 | GDP=15332.751
FLEX: 2698 0 2559 2183 2448 | ACC: -8856 9688 -9720 | GYRO: 1353 9235 -991 | GDP=9386.049
FLEX: 2733 0 2663 2779 2864 | ACC: -10848 9824 -7308 | GYRO: 1171 3459 -699 | GDP=3718.134
FLEX: 2749 0 2634 2185 2512 | ACC: -8916 10108 -9200 | GYRO: 953 -84 -85 | GDP=960.463
FLEX: 2769 0 2623 2644 2884 | ACC: -10428 9632 -7728 | GYRO: 836 627 -465 | GDP=1143.788
FLEX: 2738 0 2590 2187 2581 | ACC: -8704 9792 -9180 | GYRO: 755 -1822 -273 | GDP=1991.039
FLEX: 2746 0 2601 2677 2832 | ACC: -10736 9720 -7620 | GYRO: 1343 639 -741 | GDP=1661.641
FLEX: 2703 0 2559 2250 2619 | ACC: -9872 9200 -9408 | GYRO: 1071 262 -419 | GDP=1179.511
FLEX: 2759 0 2599 2621 2830 | ACC: -10900 9660 -8036 | GYRO: 1465 -1041 -146 | GDP=1803.115
FLEX: 2757 0 2611 2245 2583 | ACC: -10300 9176 -8664 | GYRO: 1395 -3594 288 | GDP=3865.980
FLEX: 2688 0 2596 2640 2807 | ACC: -17760 9348 -2772 | GYRO: 3943 -18736 -369 | GDP=19149.965
FLEX: 2696 0 2559 2281 2559 | ACC: -23872 8732 -5728 | GYRO: 8119 -32768 6485 | GDP=34376.086
FLEX: 2716 0 2590 2589 2775 | ACC: -372 5864 -19792 | GYRO: 6622 -32768 6690 | GDP=34093.238
FLEX: 2690 0 2559 2253 2583 | ACC: -11916 12684 1052 | GYRO: 1543 -29554 -1833 | GDP=29650.963
FLEX: 2729 0 2554 2588 2801 | ACC: -8592 9732 2996 | GYRO: -2140 -27039 3734 | GDP=27379.369
FLEX: 2698 0 2590 2304 2598 | ACC: -10072 10308 8928 | GYRO: -1374 -3869 -2 | GDP=4105.732
FLEX: 2705 0 2583 2535 2745 | ACC: -12592 11040 11564 | GYRO: 2049 -15006 5362 | GDP=16066.408
FLEX: 2710 0 2559 2338 2611 | ACC: -5724 11068 5712 | GYRO: 1968 -8882 4987 | GDP=10374.638
FLEX: 2710 0 2616 2538 2723 | ACC: -8108 10760 10660 | GYRO: 921 -3883 1815 | GDP=4384.080
FLEX: 2736 0 2591 2335 2639 | ACC: -3380 11896 5460 | GYRO: -54 -12156 2045 | GDP=12326.934
FLEX: 2724 0 2586 2528 2731 | ACC: -6408 11376 10668 | GYRO: -4073 -9999 -1639 | GDP=10920.424
FLEX: 2732 0 2582 2326 2660 | ACC: -4164 11128 9568 | GYRO: -8036 -12275 -2191 | GDP=14834.197
FLEX: 2699 0 2559 2507 2723 | ACC: -5788 9140 15976 | GYRO: -1854 -12383 -687 | GDP=12539.855
FLEX: 2730 0 2597 2388 2661 | ACC: -3852 9548 14308 | GYRO: 1098 -1950 -1163 | GDP=2522.037
FLEX: 2703 0 2608 2526 2704 | ACC: -3652 8528 14312 | GYRO: 3770 -3619 -561 | GDP=5255.928
FLEX: 2678 0 2586 2397 2625 | ACC: -4136 10280 13208 | GYRO: 4734 385 -426 | GDP=4768.695
FLEX: 2692 0 2559 2494 2704 | ACC: -3496 11424 10832 | GYRO: 5240 737 -466 | GDP=5312.055
FLEX: 2706 0 2559 2422 2710 | ACC: -4592 11116 10000 | GYRO: 2393 496 -466 | GDP=2487.895
FLEX: 2699 0 2590 2480 2685 | ACC: -4980 10808 9824 | GYRO: -698 287 -478 | GDP=893.340
FLEX: 2714 0 2606 2447 2640 | ACC: -3952 10872 11924 | GYRO: -1787 -2117 914 | GDP=2917.268
FLEX: 2694 0 2587 2405 2660 | ACC: -596 10056 13904 | GYRO: -1808 -271 -82 | GDP=1830.035
FLEX: 2704 0 2559 2469 2702 | ACC: -2776 9940 14388 | GYRO: 2643 691 -3671 | GDP=4575.934
FLEX: 2717 0 2594 2451 2667 | ACC: -4744 10852 11296 | GYRO: 3498 695 -4193 | GDP=5504.569
FLEX: 2734 0 2594 2450 2672 | ACC: -6244 10800 11012 | GYRO: 2632 955 -2297 | GDP=3621.555
FLEX: 2677 0 2543 2400 2640 | ACC: -6224 10912 10788 | GYRO: 2465 -455 -1463 | GDP=2902.347
FLEX: 2714 0 2591 2435 2691 | ACC: -5876 10968 10108 | GYRO: -183 1527 -715 | GDP=1696.008
FLEX: 2699 0 2544 2367 2640 | ACC: -4364 10940 10408 | GYRO: -1234 -945 362 | GDP=1595.877
FLEX: 2713 0 2559 2502 2692 | ACC: -4044 10400 11228 | GYRO: -2530 1216 -563 | GDP=2862.957
FLEX: 2704 0 2559 2374 2619 | ACC: -5532 10164 12928 | GYRO: -1424 -74 -263 | GDP=1449.973
FLEX: 2725 0 2606 2539 2710 | ACC: -5720 10252 12044 | GYRO: -838 1034 143 | GDP=1338.600
FLEX: 2704 0 2551 2373 2615 | ACC: -6548 9876 13048 | GYRO: -313 133 650 | GDP=733.593
FLEX: 2733 0 2559 2558 2765 | ACC: -4964 9604 11420 | GYRO: -306 989 942 | GDP=1399.686
FLEX: 2688 0 2559 2325 2605 | ACC: -5252 9608 12308 | GYRO: -264 1622 663 | GDP=1772.047
FLEX: 2715 0 2559 2554 2766 | ACC: -4868 9908 11924 | GYRO: 66 680 875 | GDP=1110.127
FLEX: 2706 0 2559 2305 2559 | ACC: -5168 9868 13232 | GYRO: 172 651 474 | GDP=823.445
FLEX: 2719 0 2606 2606 2768 | ACC: -3972 10104 11988 | GYRO: 473 286 98 | GDP=561.364
FLEX: 2684 0 2587 2291 2583 | ACC: -4416 10056 12216 | GYRO: -102 709 -406 | GDP=823.360
FLEX: 2710 0 2559 2608 2737 | ACC: -5376 9844 12472 | GYRO: 513 387 -950 | GDP=1146.925
FLEX: 2703 0 2559 2293 2559 | ACC: -5736 9784 11588 | GYRO: 192 469 -847 | GDP=987.033
FLEX: 2720 0 2599 2662 2807 | ACC: -6420 9804 12388 | GYRO: 352 -914 -117 | GDP=986.402
FLEX: 2688 0 2582 2256 2559 | ACC: -5956 9680 12432 | GYRO: -135 -298 553 | GDP=642.525
FLEX: 2735 0 2591 2703 2833 | ACC: -4852 9296 12636 | GYRO: 814 -367 597 | GDP=1074.101
