# label=Four
# timestamp=1763139355.2476954
# format: FLEX: f1 f2 f3 f4 f5 | ACC: ax ay az | GYRO: gx gy gz | GDP=val
FLEX: 2547 2021 2172 1996 2096 | ACC: 4660 5596 14724 | GYRO: 639 128 1142 | GDP=1314.865
FLEX: 2559 2035 2181 1970 2086 | ACC: 4904 5712 14812 | GYRO: 518 946 1322 | GDP=1706.143
FLEX: 2558 2007 2215 1965 2096 | ACC: 5144 5308 15080 | GYRO: 735 -1845 1251 | GDP=2347.179
FLEX: 2559 2022 2179 1981 2070 | ACC: 5200 5476 14932 | GYRO: 647 262 1345 | GDP=1515.348
FLEX: 2547 2025 2174 1974 2102 | ACC: 5680 5184 14576 | GYRO: 808 -890 776 | GDP=1430.783
FLEX: 2553 2000 2185 1995 2086 | ACC: 5576 5216 14512 | GYRO: 394 9 564 | GDP=688.050
FLEX: 2543 2029 2167 1954 2113 | ACC: 5700 5136 14576 | GYRO: 77 214 172 | GDP=285.147
FLEX: 2544 2004 2179 1968 2093 | ACC: 5224 5416 15176 | GYRO: 160 -263 48 | GDP=311.565
FLEX: 2547 2015 2164 1975 2103 | ACC: 5420 5108 14964 | GYRO: -15 -418 78 | GDP=425.480
FLEX: 2555 2009 2169 1955 2087 | ACC: 5600 5032 15100 | GYRO: 640 -243 85 | GDP=689.836
FLEX: 2525 2000 2163 1972 2110 | ACC: 5356 5128 14932 | GYRO: 748 -312 114 | GDP=818.440
FLEX: 2559 1997 2188 1984 2096 | ACC: 5156 5236 15356 | GYRO: 758 -164 276 | GDP=823.186
FLEX: 2559 2003 2178 1984 2096 | ACC: 5524 5040 15012 | GYRO: 1038 -156 565 | GDP=1192.059
FLEX: 2559 2001 2146 1965 2091 | ACC: 5276 5252 14476 | GYRO: 1182 877 369 | GDP=1517.371
FLEX: 2559 2015 2179 1981 2104 | ACC: 4272 5508 14812 | GYRO: 737 308 887 | GDP=1193.651
FLEX: 2554 2012 2180 1961 2106 | ACC: 4872 5232 15256 | GYRO: 166 -2180 1740 | GDP=2794.200
FLEX: 2554 2030 2170 1994 2123 | ACC: 5780 4712 15168 | GYRO: 232 -92 1873 | GDP=1889.555
FLEX: 2553 2023 2193 1963 2075 | ACC: 6200 4864 15240 | GYRO: 871 -833 1236 | GDP=1726.333
FLEX: 2559 2029 2178 1970 2145 | ACC: 6456 4640 14716 | GYRO: 729 -25 1287 | GDP=1479.336
FLEX: 2541 2001 2173 1936 2112 | ACC: 6444 4736 15056 | GYRO: 819 -75 798 | GDP=1145.945
FLEX: 2559 2031 2160 1977 2109 | ACC: 6936 4700 14624 | GYRO: 1208 761 61 | GDP=1429.023
FLEX: 2605 2014 2171 1941 2103 | ACC: 6064 5088 14368 | GYRO: 796 512 -355 | GDP=1010.834
FLEX: 2559 2039 2160 1968 2126 | ACC: 5836 5008 14704 | GYRO: 356 328 -56 | GDP=487.295
FLEX: 2559 2043 2167 1952 2091 | ACC: 5588 4840 15124 | GYRO: 580 650 -160 | GDP=885.720
FLEX: 2581 2042 2183 1968 2110 | ACC: 5264 5056 14908 | GYRO: 416 -383 36 | GDP=566.605
FLEX: 2559 2013 2160 1943 2065 | ACC: 5256 5068 14968 | GYRO: 605 -741 497 | GDP=1078.014
FLEX: 2559 2033 2183 1963 2109 | ACC: 6200 4636 15004 | GYRO: 516 -382 496 | GDP=811.293
FLEX: 2554 2026 2154 1925 2085 | ACC: 6172 4868 15080 | GYRO: 1339 1184 -32 | GDP=1787.680
FLEX: 2559 2047 2187 1965 2096 | ACC: 4964 4980 16140 | GYRO: 1229 348 349 | GDP=1324.140
FLEX: 2559 2022 2186 1935 2085 | ACC: 5492 4724 15440 | GYRO: 1810 -88 566 | GDP=1898.473
FLEX: 2593 2073 2201 1975 2131 | ACC: 6052 5340 16172 | GYRO: 1371 33 -344 | GDP=1413.883
FLEX: 2550 2011 2173 1968 2117 | ACC: 5500 6056 18184 | GYRO: 6248 269 458 | GDP=6270.537
FLEX: 2606 2059 2155 2003 2122 | ACC: 7088 7588 14608 | GYRO: 7299 4271 -1531 | GDP=8594.230
FLEX: 2546 2027 2147 1934 2105 | ACC: 2900 8212 17924 | GYRO: 8244 11572 -8 | GDP=14208.265
FLEX: 2610 2010 2192 1984 2113 | ACC: 4168 8540 15576 | GYRO: 7911 1682 2071 | GDP=8348.777
FLEX: 2602 2024 2189 1942 2075 | ACC: 3804 7960 14920 | GYRO: 7081 8717 1808 | GDP=11375.215
FLEX: 2625 2064 2176 1981 2109 | ACC: 1324 7932 16412 | GYRO: 9718 2225 1023 | GDP=10021.811
FLEX: 2605 2045 2150 1968 2112 | ACC: 2072 8620 13652 | GYRO: 11410 -4623 748 | GDP=12333.683
FLEX: 2654 2063 2178 1999 2111 | ACC: 4500 8824 9796 | GYRO: 10734 389 307 | GDP=10745.433
FLEX: 2640 2014 2163 1974 2102 | ACC: 3408 8592 9940 | GYRO: 10426 3668 -781 | GDP=11079.967
FLEX: 2641 2060 2192 1988 2109 | ACC: 4268 9404 7612 | GYRO: 8316 2249 -381 | GDP=8623.167
FLEX: 2626 2047 2161 1936 2081 | ACC: 4192 8604 6744 | GYRO: 5574 6861 -99 | GDP=8840.396
FLEX: 2619 2045 2178 2004 2102 | ACC: 1632 6448 13408 | GYRO: -4898 554 5172 | GDP=7144.711
FLEX: 2592 2055 2167 1936 2092 | ACC: 6340 10756 9456 | GYRO: -1231 264 4129 | GDP=4316.677
FLEX: 2624 2054 2177 1997 2115 | ACC: 3772 11152 12688 | GYRO: -1548 2297 2860 | GDP=3981.471
FLEX: 2590 2064 2131 1951 2099 | ACC: 4480 10716 12480 | GYRO: -228 -570 1617 | GDP=1729.616
FLEX: 2631 2062 2186 2011 2096 | ACC: 4372 12004 11912 | GYRO: -36 6823 1372 | GDP=6959.670
FLEX: 2605 2029 2304 1963 2094 | ACC: 1988 12428 12716 | GYRO: 1825 9565 1159 | GDP=9806.280
FLEX: 2634 2032 2179 2007 2113 | ACC: 2712 11996 11788 | GYRO: 3203 8497 2137 | GDP=9328.718
FLEX: 2591 2026 2174 1946 2103 | ACC: 2544 12576 10172 | GYRO: 3218 20710 1371 | GDP=21003.316
FLEX: 2625 2064 2161 1993 2127 | ACC: -696 12892 10988 | GYRO: 2519 28566 1411 | GDP=28711.541
FLEX: 2555 2063 2181 1973 2091 | ACC: -3456 12208 9260 | GYRO: 1228 32767 1051 | GDP=32806.844
FLEX: 2608 0 2181 2000 2096 | ACC: -8184 12224 10876 | GYRO: 1143 32767 3300 | GDP=32952.582
FLEX: 2582 0 2175 1956 2091 | ACC: -6516 12232 4612 | GYRO: 2729 32767 3515 | GDP=33067.793
FLEX: 2617 0 2181 1990 2131 | ACC: -8176 11800 7676 | GYRO: 4615 18771 2671 | GDP=19513.660
FLEX: 2589 0 2182 1970 2096 | ACC: -8748 13048 5080 | GYRO: 3756 19604 1534 | GDP=20019.428
FLEX: 2618 0 2188 1993 2134 | ACC: -9948 12924 3700 | GYRO: 5676 6780 644 | GDP=8865.671
FLEX: 2587 0 2173 1982 2085 | ACC: -9240 13400 660 | GYRO: 3891 2695 422 | GDP=4751.946
FLEX: 2607 2071 2171 2043 2084 | ACC: -11160 13352 1252 | GYRO: 3128 -295 194 | GDP=3147.864
FLEX: 2559 2009 2166 2011 2087 | ACC: -10016 13632 -96 | GYRO: 2431 158 1059 | GDP=2656.352
FLEX: 2618 2032 2199 2029 2096 | ACC: -11844 13644 2592 | GYRO: 1749 -3275 2341 | GDP=4389.181
FLEX: 2590 2032 2160 1968 2074 | ACC: -9940 13364 1680 | GYRO: 2817 -528 4203 | GDP=5087.188
FLEX: 2591 2101 2199 2009 2096 | ACC: -11024 13628 2140 | GYRO: 3704 -69 5807 | GDP=6888.079
FLEX: 2593 2086 2173 1961 2111 | ACC: -10628 13636 1392 | GYRO: 4292 -606 7268 | GDP=8462.406
FLEX: 2640 2032 2189 2012 2150 | ACC: -9884 14280 -96 | GYRO: 3283 -9 9935 | GDP=10463.384
FLEX: 2530 2067 2165 1937 2087 | ACC: -8408 13708 -604 | GYRO: 4806 -1037 11626 | GDP=12622.871
FLEX: 2605 2067 2169 2047 2127 | ACC: -5552 14060 -1776 | GYRO: 4762 -86 13176 | GDP=14010.390
FLEX: 2559 2055 2174 1951 2125 | ACC: -2232 14720 -2856 | GYRO: 3246 -400 14100 | GDP=14474.340
FLEX: 2608 2062 2091 2006 2117 | ACC: 944 14760 -1576 | GYRO: 1941 -1704 12418 | GDP=12683.763
FLEX: 2559 2018 2150 1936 2101 | ACC: 3684 15104 -1520 | GYRO: 2357 -2920 9637 | GDP=10341.838
FLEX: 2608 2035 2186 1995 2079 | ACC: 5440 15612 -2596 | GYRO: 2046 -2288 5492 | GDP=6291.512
FLEX: 2559 2032 2180 1984 2085 | ACC: 5148 15484 -2352 | GYRO: 2519 -1531 2641 | GDP=3957.803
FLEX: 2539 2039 2188 1991 2096 | ACC: 4836 16060 -2760 | GYRO: 1568 -167 -31 | GDP=1577.173
FLEX: 2559 2060 2161 1943 2096 | ACC: 2644 16096 -1424 | GYRO: 1882 -740 -2053 | GDP=2881.724
FLEX: 2590 2029 2192 1999 2085 | ACC: 1088 16004 -1376 | GYRO: 1821 -350 -2539 | GDP=3144.052
FLEX: 2582 2067 2193 1968 2097 | ACC: -464 16080 -3304 | GYRO: 2594 399 -2847 | GDP=3872.137
FLEX: 2597 1995 2160 2007 2094 | ACC: -1596 16720 -4400 | GYRO: 1384 287 -1310 | GDP=1927.155
FLEX: 2603 2047 2160 1977 2096 | ACC: -1060 16516 -4184 | GYRO: -411 167 -86 | GDP=451.892
FLEX: 2595 2055 2189 2005 2102 | ACC: -720 16248 -2260 | GYRO: -1268 -90 111 | GDP=1276.027
FLEX: 2559 2047 2166 1948 2113 | ACC: 744 16076 -1452 | GYRO: -893 17 168 | GDP=908.825
FLEX: 2559 2055 2163 1991 2098 | ACC: 512 16172 272 | GYRO: -1011 -453 207 | GDP=1127.022
FLEX: 2605 2043 2198 1993 2105 | ACC: 1104 15640 540 | GYRO: 1586 -368 -791 | GDP=1810.111
FLEX: 2589 2057 2175 1998 2069 | ACC: 700 15780 0 | GYRO: 2776 -358 -1561 | GDP=3204.850
FLEX: 2559 2064 2181 2000 2109 | ACC: 768 15872 -1432 | GYRO: 4442 -914 -2446 | GDP=5152.638
FLEX: 2597 2064 2176 2001 2096 | ACC: 364 15740 -2252 | GYRO: 5032 -1091 -2771 | GDP=5847.200
FLEX: 2583 2044 2171 1984 2096 | ACC: -624 15660 -2424 | GYRO: 6194 -1608 -3369 | GDP=7231.975
FLEX: 2593 2064 2171 1987 2094 | ACC: -2164 16288 -4508 | GYRO: 3402 -4373 -4156 | GDP=6925.971
FLEX: 2559 2046 2193 1965 2105 | ACC: -5560 16276 -7520 | GYRO: -1878 -6483 -3540 | GDP=7621.533
FLEX: 2587 2063 2194 1968 2094 | ACC: -9504 17020 -6108 | GYRO: -3712 -26072 67 | GDP=26335.008
FLEX: 2558 2059 2182 1987 2105 | ACC: -8092 15980 -3020 | GYRO: -3799 -32768 460 | GDP=32990.691
FLEX: 2581 2062 2185 1972 2054 | ACC: -4796 15748 -4196 | GYRO: -3942 -32768 3402 | GDP=33179.133
FLEX: 2559 2027 2203 1983 2098 | ACC: -1852 15036 -3428 | GYRO: -1848 -32768 1842 | GDP=32871.719
FLEX: 2559 2036 2156 1985 2079 | ACC: -148 16860 -4372 | GYRO: -2125 -32768 1500 | GDP=32871.074
FLEX: 2555 2047 2192 1995 2109 | ACC: -68 16376 -4008 | GYRO: -7110 -32768 3491 | GDP=33711.734
FLEX: 2515 2030 2183 1997 2114 | ACC: 3612 14448 -2684 | GYRO: -8198 -26509 3912 | GDP=28022.100
FLEX: 2559 2062 2166 1983 2100 | ACC: 2340 15448 612 | GYRO: -6964 -19779 4652 | GDP=21478.994
FLEX: 2531 2015 2182 1996 2114 | ACC: 2264 14840 3124 | GYRO: -14048 -9318 5460 | GDP=17719.566
FLEX: 2559 2015 2191 2001 2128 | ACC: 5976 12628 7052 | GYRO: -13017 -1555 8771 | GDP=15773.103
FLEX: 2559 2004 2190 2034 2128 | ACC: 5196 12968 13812 | GYRO: -17904 -4795 9844 | GDP=20986.891
FLEX: 2547 2032 2183 2055 2163 | ACC: 7520 6888 12508 | GYRO: -8707 1191 5931 | GDP=10602.221
FLEX: 2535 2016 2197 2073 2200 | ACC: 5212 14036 12588 | GYRO: 3304 -3043 608 | GDP=4532.762
FLEX: 2559 2062 2209 2112 2243 | ACC: 6492 11840 10348 | GYRO: -291 1489 2281 | GDP=2739.482
FLEX: 2534 2014 2190 2085 2224 | ACC: 6420 11716 10596 | GYRO: 1682 2531 2972 | GDP=4250.631
FLEX: 2537 2075 2188 2096 2235 | ACC: 5520 11668 10300 | GYRO: -627 1348 1363 | GDP=2016.929
FLEX: 2525 2090 2229 2061 2227 | ACC: 7308 11932 9916 | GYRO: 3079 2584 335 | GDP=4033.550
FLEX: 2582 2119 2219 2075 2231 | ACC: 4492 12624 11004 | GYRO: 1959 5540 1006 | GDP=5961.654
FLEX: 2530 2124 2224 2113 2241 | ACC: 4548 12580 9296 | GYRO: -271 5639 2508 | GDP=6177.526
FLEX: 2559 2160 2240 2142 2251 | ACC: 3620 12092 10000 | GYRO: -2335 7073 3575 | GDP=8261.972
FLEX: 2544 2155 2211 2158 2255 | ACC: 4628 11484 10480 | GYRO: -1999 4536 2584 | GDP=5590.022
FLEX: 2535 2211 2239 2226 2263 | ACC: 3944 11592 10868 | GYRO: -2106 8704 2555 | GDP=9312.512
FLEX: 2543 2192 2251 2153 2236 | ACC: 2632 11164 13012 | GYRO: -817 3820 2513 | GDP=4644.896
FLEX: 2550 2221 2247 2174 2250 | ACC: 3988 10700 11948 | GYRO: -287 -1521 933 | GDP=1807.291
FLEX: 2555 2198 2231 2158 2269 | ACC: 4664 10852 11216 | GYRO: 722 1318 414 | GDP=1558.783
FLEX: 2559 2155 2263 2150 2259 | ACC: 3124 10984 13292 | GYRO: 639 -210 -555 | GDP=872.036
FLEX: 2538 2149 2237 2183 2256 | ACC: 4932 11160 10596 | GYRO: 3 2176 -363 | GDP=2206.072
FLEX: 2559 2160 2253 2214 2258 | ACC: 2456 10876 13172 | GYRO: 1263 7021 138 | GDP=7135.030
FLEX: 2554 2122 2227 2134 2243 | ACC: 5040 11608 9252 | GYRO: 1469 10832 1271 | GDP=11004.800
FLEX: 2594 2107 2269 2245 2267 | ACC: 572 10888 13068 | GYRO: 1768 22409 3575 | GDP=22761.146
FLEX: 2559 2095 2209 2139 2238 | ACC: 1256 11664 10776 | GYRO: 3882 19318 3000 | GDP=19931.258
FLEX: 2601 2139 2236 2192 2274 | ACC: -2032 11492 10816 | GYRO: 3254 29035 4759 | GDP=29601.822
FLEX: 2554 2112 2225 2147 2240 | ACC: -3984 11980 12156 | GYRO: 3723 20440 3268 | GDP=21031.742
FLEX: 2617 2115 2220 2191 2241 | ACC: -4648 11492 11544 | GYRO: 7080 20668 3053 | GDP=22059.316
FLEX: 2559 2107 2235 2148 2213 | ACC: -4848 12860 7748 | GYRO: 8803 22497 1549 | GDP=24207.586
FLEX: 2640 2118 2224 2207 2251 | ACC: -7008 12628 8740 | GYRO: 9622 15616 201 | GDP=18343.467
FLEX: 2629 2101 2224 2169 2224 | ACC: -7464 13952 5456 | GYRO: 8523 15416 -703 | GDP=17629.203
FLEX: 2691 2121 2235 2165 2253 | ACC: -8180 13508 5220 | GYRO: 6662 7427 -1077 | GDP=10035.063
FLEX: 2690 2108 2240 2146 2221 | ACC: -8116 14192 3700 | GYRO: 4657 4331 -1511 | GDP=6536.691
FLEX: 2721 2112 2243 2165 2259 | ACC: -7752 13572 2928 | GYRO: 3616 724 -813 | GDP=3776.321
FLEX: 2689 2109 2252 2165 2225 | ACC: -9244 14408 3200 | GYRO: 3724 2873 -826 | GDP=4775.414
FLEX: 2734 2111 2224 2160 2240 | ACC: -8132 13712 1684 | GYRO: 2123 638 -372 | GDP=2247.789
FLEX: 2714 2118 2237 2158 2242 | ACC: -8740 14044 2120 | GYRO: 929 816 -265 | GDP=1264.564
FLEX: 2755 2096 2240 2187 2241 | ACC: -8336 14148 1700 | GYRO: 1505 2066 -214 | GDP=2564.991
FLEX: 2726 2103 2022 2126 2240 | ACC: -8756 13584 2048 | GYRO: 462 1789 279 | GDP=1868.637
FLEX: 2762 2117 2238 2167 2240 | ACC: -8012 14160 1616 | GYRO: 393 349 103 | GDP=535.592
FLEX: 2710 2112 2223 2185 2224 | ACC: -8788 13744 2868 | GYRO: 468 3149 -140 | GDP=3186.664
FLEX: 2743 2115 2229 2160 2226 | ACC: -9056 13488 3504 | GYRO: 872 -2225 408 | GDP=2424.350
FLEX: 2694 2093 2251 2145 2218 | ACC: -9608 13624 5228 | GYRO: 2567 -9796 -39 | GDP=10126.827
FLEX: 2736 2117 2229 2174 2250 | ACC: -11896 12764 7324 | GYRO: 4396 -26049 217 | GDP=26418.219
FLEX: 2699 2093 2213 2153 2221 | ACC: -5024 14132 -748 | GYRO: 5201 -32768 1321 | GDP=33204.477
FLEX: 2704 2101 2224 2160 2246 | ACC: -5256 13752 2808 | GYRO: 4466 -11536 749 | GDP=12392.960
FLEX: 2669 2081 2186 2081 2223 | ACC: -7852 14896 4596 | GYRO: 3019 -11696 -134 | GDP=12080.097
FLEX: 2644 2066 2215 2106 2267 | ACC: -5376 15568 1888 | GYRO: 507 -4319 878 | GDP=4436.405
FLEX: 2559 2033 2175 2032 2246 | ACC: -5896 14396 4496 | GYRO: -1444 788 1634 | GDP=2318.628
FLEX: 2557 2037 2198 2054 2256 | ACC: -6672 13952 6184 | GYRO: 860 -534 687 | GDP=1223.407
FLEX: 2532 2032 2174 2017 2209 | ACC: -5008 14976 3876 | GYRO: -239 -1750 1069 | GDP=2064.554
FLEX: 2497 2065 2170 2106 2181 | ACC: -5072 14336 5684 | GYRO: -560 2097 1389 | GDP=2576.884
FLEX: 2483 2005 2213 2020 2197 | ACC: -5156 14560 5916 | GYRO: -523 -569 740 | GDP=1069.995
FLEX: 2512 2001 2227 2142 2251 | ACC: -3896 14100 5740 | GYRO: -793 -829 5 | GDP=1147.221
FLEX: 2479 2010 2139 2075 2192 | ACC: -4268 14508 5924 | GYRO: -462 302 -382 | GDP=671.247
FLEX: 2492 2023 2237 2070 2205 | ACC: -3844 14200 5504 | GYRO: -623 77 -739 | GDP=969.628
FLEX: 2467 2005 2219 1962 2180 | ACC: -5180 13864 5984 | GYRO: -1467 7535 -651 | GDP=7704.032
FLEX: 2482 2032 2219 2082 2241 | ACC: -6652 14392 6336 | GYRO: -354 7152 -886 | GDP=7215.360
FLEX: 2447 2017 2155 2022 2243 | ACC: -5692 14296 4664 | GYRO: -427 7940 -143 | GDP=7952.759
FLEX: 2519 2032 2181 2022 2242 | ACC: -6208 14416 3364 | GYRO: -2689 13656 783 | GDP=13940.234
FLEX: 2463 2034 2210 2067 2230 | ACC: -8296 14148 6772 | GYRO: 1224 10699 609 | GDP=10785.993
FLEX: 2547 2021 2189 2029 2186 | ACC: -5168 14552 2552 | GYRO: 806 17896 1033 | GDP=17943.900
FLEX: 2475 2007 2180 2022 2182 | ACC: -8416 13800 2744 | GYRO: 2590 25933 1627 | GDP=26112.750
FLEX: 2518 2096 2211 2028 2237 | ACC: -8112 14180 388 | GYRO: 3501 27809 2176 | GDP=28112.854
FLEX: 2490 2030 2067 1986 2158 | ACC: -10088 14416 988 | GYRO: 3139 23342 1249 | GDP=23585.213
FLEX: 2559 2021 2192 2020 2207 | ACC: -8148 14440 -1016 | GYRO: 1969 14223 905 | GDP=14387.137
FLEX: 2464 2007 2160 1983 2195 | ACC: -7700 14188 -1460 | GYRO: 1794 10405 476 | GDP=10569.250
FLEX: 2545 2022 2197 2039 2165 | ACC: -7880 14868 -1364 | GYRO: 1974 3927 798 | GDP=4467.081
FLEX: 2493 2044 2256 1979 2187 | ACC: -6672 14152 -2776 | GYRO: 1316 4594 553 | GDP=4810.665
FLEX: 2547 2037 2192 2006 2187 | ACC: -7032 14272 -2376 | GYRO: 1744 -669 162 | GDP=1874.924
FLEX: 2481 2022 2165 1997 2177 | ACC: -6840 14168 -3276 | GYRO: 1110 2178 -298 | GDP=2462.638
FLEX: 2535 2016 2163 2008 2170 | ACC: -6836 14640 -3612 | GYRO: 874 -500 -110 | GDP=1012.905
FLEX: 2538 2032 2187 2015 2208 | ACC: -7372 14300 -3096 | GYRO: 1155 740 -68 | GDP=1373.408
FLEX: 2496 2055 2171 2058 2237 | ACC: -6652 14436 -3724 | GYRO: 881 -1559 -203 | GDP=1802.180
FLEX: 2515 2019 2192 2006 2191 | ACC: -7316 14388 -2976 | GYRO: 447 419 -429 | GDP=747.938
FLEX: 2526 2027 2192 2031 2179 | ACC: -6956 14576 -3524 | GYRO: 333 -1677 38 | GDP=1710.164
FLEX: 2493 2002 2191 2000 2197 | ACC: -7352 13752 -2732 | GYRO: 520 1174 -194 | GDP=1298.581
FLEX: 2528 2029 2188 2021 2202 | ACC: -7424 14460 -2932 | GYRO: 491 -3367 -410 | GDP=3427.225
FLEX: 2516 2046 2171 2005 2190 | ACC: -7428 14344 -2808 | GYRO: 529 1465 -168 | GDP=1566.617
FLEX: 2530 2019 2185 2023 2198 | ACC: -7132 14372 -3436 | GYRO: 690 -1676 58 | GDP=1813.406
FLEX: 2529 2039 2187 2010 2176 | ACC: -6792 14336 -3536 | GYRO: 424 -237 -147 | GDP=507.498
FLEX: 2528 2044 2169 1983 2170 | ACC: -7576 14444 -2636 | GYRO: 533 -741 -288 | GDP=957.138
FLEX: 2494 2025 2164 2031 2195 | ACC: -7160 14360 -3004 | GYRO: 249 -943 -254 | GDP=1007.852
FLEX: 2519 2019 2195 2058 2176 | ACC: -7360 14004 -2868 | GYRO: 228 -264 -250 | GDP=429.162
FLEX: 2530 2032 2171 2026 2183 | ACC: -7300 14136 -2640 | GYRO: 467 -1830 -458 | GDP=1943.387
FLEX: 2544 2031 2174 2046 2191 | ACC: -7176 14432 -2776 | GYRO: 482 133 -238 | GDP=553.766
FLEX: 2542 2002 2192 2007 2198 | ACC: -7444 14300 -2944 | GYRO: 783 -472 42 | GDP=915.225
FLEX: 2539 1997 2177 2022 2195 | ACC: -7220 14236 -3028 | GYRO: 337 422 205 | GDP=577.649
FLEX: 2549 2027 2183 2047 2207 | ACC: -7208 14292 -2616 | GYRO: 513 -181 -188 | GDP=575.564
FLEX: 2559 2015 2176 2026 2175 | ACC: -7304 14376 -2504 | GYRO: 662 145 -309 | GDP=744.815
FLEX: 2547 2020 2189 2023 2192 | ACC: -7588 14068 -2540 | GYRO: 794 27 15 | GDP=794.601
FLEX: 2525 2003 2176 2058 2181 | ACC: -7476 14168 -2612 | GYRO: 852 111 -49 | GDP=860.596
FLEX: 2557 2018 2193 2053 2190 | ACC: -7420 14356 -2700 | GYRO: 1174 109 -67 | GDP=1180.951
FLEX: 2548 2046 2181 2032 2187 | ACC: -7056 14332 -3004 | GYRO: 1314 -911 -256 | GDP=1619.276
FLEX: 2544 2018 2198 2037 2179 | ACC: -6844 14080 -3412 | GYRO: 488 992 57 | GDP=1107.004
FLEX: 2614 2000 2165 2042 2183 | ACC: -7208 14272 -3096 | GYRO: 652 -889 -618 | GDP=1263.863
FLEX: 2557 2018 2179 2016 2179 | ACC: -7296 14368 -3168 | GYRO: 114 574 -259 | GDP=639.963
FLEX: 2559 2017 2167 2037 2193 | ACC: -7620 13896 -2776 | GYRO: 287 -864 -226 | GDP=938.052
FLEX: 2559 2021 2195 2041 2206 | ACC: -7468 13732 -2404 | GYRO: 248 -124 -253 | GDP=375.352
FLEX: 2559 2000 2174 2032 2166 | ACC: -8120 13948 -1296 | GYRO: 1232 -1595 -722 | GDP=2140.825
FLEX: 2594 2053 2202 2032 2187 | ACC: -7120 14304 -2892 | GYRO: 764 -1474 -460 | GDP=1722.780
FLEX: 2617 2000 2181 2061 2208 | ACC: -8472 13956 -1020 | GYRO: 1706 -4357 -1572 | GDP=4936.099
FLEX: 2590 2027 2177 2018 2193 | ACC: -8876 14268 -2328 | GYRO: -1421 -16728 -310 | GDP=16791.107
FLEX: 2559 2010 2176 1995 2198 | ACC: -7072 14540 -3860 | GYRO: -5331 -17169 -326 | GDP=17980.557
FLEX: 2559 2041 2147 1995 2197 | ACC: -7364 14208 -1252 | GYRO: -4952 -4 791 | GDP=5014.778
FLEX: 2559 2027 2153 1984 2191 | ACC: -8884 13808 1332 | GYRO: -4052 -3137 1466 | GDP=5329.975
FLEX: 2541 2033 2198 1989 2201 | ACC: -7176 13840 1836 | GYRO: -3715 74 159 | GDP=3719.137
FLEX: 2535 2000 2162 1973 2181 | ACC: -7960 14056 3152 | GYRO: -2085 1483 112 | GDP=2561.066
FLEX: 2544 2006 2177 1963 2164 | ACC: -7408 13600 2352 | GYRO: 285 1077 -523 | GDP=1230.725
FLEX: 2523 2032 2171 1963 2149 | ACC: -8412 13700 2556 | GYRO: 427 553 -594 | GDP=917.046
FLEX: 2553 2029 2187 1963 2177 | ACC: -8520 14232 2068 | GYRO: 607 -624 -642 | GDP=1081.660
FLEX: 2547 2041 2161 1983 2166 | ACC: -9120 14060 2480 | GYRO: 505 974 172 | GDP=1110.534
FLEX: 2549 2041 2174 1982 2154 | ACC: -8320 13696 1988 | GYRO: 864 -938 214 | GDP=1293.111
FLEX: 2544 2014 2157 1946 2143 | ACC: -8360 13756 2488 | GYRO: 799 604 277 | GDP=1039.204
FLEX: 2544 2013 2181 1985 2161 | ACC: -8180 14188 2236 | GYRO: 954 -735 114 | GDP=1209.685
FLEX: 2543 2023 2179 1939 2151 | ACC: -7720 13852 1488 | GYRO: 558 842 522 | GDP=1137.019
FLEX: 2539 2030 2193 1950 2160 | ACC: -7960 13988 1920 | GYRO: 900 -334 95 | GDP=964.666
FLEX: 2544 2016 2189 1963 2155 | ACC: -7680 14112 1900 | GYRO: 1307 598 -191 | GDP=1449.943
FLEX: 2559 2064 2179 1969 2178 | ACC: -8360 14140 2004 | GYRO: 1241 514 -65 | GDP=1344.806
FLEX: 2544 2001 2191 1965 2154 | ACC: -8048 13644 1952 | GYRO: 803 187 32 | GDP=825.107
FLEX: 2559 2032 2215 1975 2133 | ACC: -8084 14040 1896 | GYRO: 1401 -389 -425 | GDP=1514.842
FLEX: 2545 2022 2157 1959 2138 | ACC: -8048 14292 1632 | GYRO: 983 326 15 | GDP=1035.756
FLEX: 2555 2023 2178 1983 2160 | ACC: -8244 14132 1440 | GYRO: 1466 -38 140 | GDP=1473.160
FLEX: 2559 2027 2172 1954 2167 | ACC: -7912 13964 1076 | GYRO: 438 -155 211 | GDP=510.284
FLEX: 2587 2023 2208 1936 2160 | ACC: -8036 14204 1584 | GYRO: 525 -857 -56 | GDP=1006.583
FLEX: 2557 2012 2153 1965 2147 | ACC: -7868 14132 1536 | GYRO: 830 8 109 | GDP=837.165
FLEX: 2559 2041 2189 1986 2161 | ACC: -8228 13680 1840 | GYRO: 558 -1268 -53 | GDP=1386.361
FLEX: 2559 2013 2156 1956 2165 | ACC: -7932 13924 1940 | GYRO: 599 -109 -276 | GDP=668.474
FLEX: 2624 2022 2197 1979 2153 | ACC: -8104 14208 1672 | GYRO: 959 -392 33 | GDP=1036.549
FLEX: 2598 2012 2179 1945 2139 | ACC: -8008 14040 1344 | GYRO: 943 -591 -49 | GDP=1113.971
FLEX: 2608 2041 2177 1987 2174 | ACC: -7860 14024 1132 | GYRO: 620 -146 -16 | GDP=637.159
FLEX: 2614 2018 2167 1981 2128 | ACC: -8168 14084 1844 | GYRO: 496 -396 -236 | GDP=677.147
FLEX: 2638 2027 2113 2015 2154 | ACC: -7976 14108 1796 | GYRO: 577 75 -161 | GDP=603.718
FLEX: 2607 2019 2151 1954 2131 | ACC: -8152 13584 2180 | GYRO: 1165 130 -191 | GDP=1187.689
FLEX: 2641 2043 2160 1999 2137 | ACC: -8300 13912 2092 | GYRO: 1091 -436 -321 | GDP=1217.957
FLEX: 2603 2023 2160 1953 2155 | ACC: -8416 14072 1936 | GYRO: 1433 194 -85 | GDP=1448.568
FLEX: 2595 2031 2160 1985 2148 | ACC: -7968 14320 728 | GYRO: 1364 77 512 | GDP=1458.962
FLEX: 2611 2016 2189 1953 2139 | ACC: -8044 13896 1124 | GYRO: 1007 312 251 | GDP=1083.695
FLEX: 2608 2015 2164 2006 2173 | ACC: -8028 14224 1168 | GYRO: 466 -331 182 | GDP=599.867
FLEX: 2604 2027 2190 1968 2154 | ACC: -7628 14280 1100 | GYRO: 631 256 40 | GDP=682.127
FLEX: 2686 1987 2230 2003 2173 | ACC: -7896 13644 1532 | GYRO: 572 77 -36 | GDP=578.281
FLEX: 2633 2032 2207 1937 2182 | ACC: -8328 13824 2184 | GYRO: 927 -929 -676 | GDP=1476.261
FLEX: 2627 2031 2151 2002 2159 | ACC: -7848 14304 1324 | GYRO: 622 109 -57 | GDP=634.046
FLEX: 2619 2025 2186 1968 2151 | ACC: -8496 14112 1428 | GYRO: 1122 -2 -31 | GDP=1122.430
FLEX: 2673 1987 2186 2003 2166 | ACC: -8088 14044 812 | GYRO: 624 385 212 | GDP=763.246
FLEX: 2635 2034 2148 1973 2145 | ACC: -8284 14292 1376 | GYRO: 560 -586 -299 | GDP=863.943
FLEX: 2672 2021 2163 2010 2154 | ACC: -8068 14324 1100 | GYRO: 115 -118 57 | GDP=174.350
FLEX: 2639 2022 2183 1975 2128 | ACC: -8456 13756 1544 | GYRO: -166 -1301 -192 | GDP=1325.527
FLEX: 2652 2066 2207 2007 2156 | ACC: -8408 13880 1652 | GYRO: -226 -3456 -898 | GDP=3577.907
FLEX: 2611 2001 2180 1959 2153 | ACC: -10184 14244 2512 | GYRO: -1534 -11439 -1818 | GDP=11683.706
FLEX: 2647 2038 2179 2007 2169 | ACC: -12160 14072 3928 | GYRO: -3401 -28868 -3784 | GDP=29312.912
FLEX: 2610 2037 2161 1970 2142 | ACC: -11080 14572 1924 | GYRO: -7755 -32768 -865 | GDP=33684.270
FLEX: 2646 2059 2178 1997 2144 | ACC: -4252 13684 2868 | GYRO: -6856 -32768 3150 | GDP=33625.422
FLEX: 2630 2017 2160 1949 2161 | ACC: 4144 12344 5952 | GYRO: -7386 -26635 4346 | GDP=27979.707
FLEX: 2661 2043 2188 2004 2160 | ACC: 4064 11116 11492 | GYRO: -4092 -5908 4297 | GDP=8373.358
FLEX: 2624 2016 2170 1953 2145 | ACC: 3356 10772 12884 | GYRO: -2786 -1577 2451 | GDP=4031.889
FLEX: 2636 2015 2177 1984 2208 | ACC: 3228 10628 12540 | GYRO: -1681 -1079 1315 | GDP=2391.490
FLEX: 2613 2015 2161 1968 2160 | ACC: 1080 10760 14548 | GYRO: -1885 -5798 -416 | GDP=6110.899
FLEX: 2639 2026 2174 2014 2179 | ACC: 4072 10960 10900 | GYRO: -2407 -13521 -1596 | GDP=13826.001
FLEX: 2624 2023 2167 1971 2174 | ACC: 3916 11048 11200 | GYRO: -3809 -13680 -2096 | GDP=14354.236
FLEX: 2623 2054 2186 2010 2166 | ACC: 5600 10540 10872 | GYRO: -3696 -9629 -2434 | GDP=10597.283
FLEX: 2592 2010 2192 1984 2159 | ACC: 4900 10108 12180 | GYRO: -4033 -10741 -2230 | GDP=11687.902
FLEX: 2645 2036 2178 1999 2147 | ACC: 6756 10128 10504 | GYRO: -3997 -4836 -2261 | GDP=6668.960
FLEX: 2599 2015 2127 1968 2149 | ACC: 4968 10152 12036 | GYRO: -4508 -3719 -1724 | GDP=6093.045
FLEX: 2640 2023 2163 2015 2176 | ACC: 6348 9364 11324 | GYRO: -4947 -1946 -856 | GDP=5384.465
FLEX: 2597 2000 2160 1977 2131 | ACC: 5836 8736 12332 | GYRO: -5995 -1272 -532 | GDP=6151.506
FLEX: 2659 2019 2236 2009 2175 | ACC: 6376 7944 14072 | GYRO: -5350 -26 303 | GDP=5358.636
FLEX: 2559 2027 2160 1979 2167 | ACC: 6516 7124 15200 | GYRO: -2506 840 23 | GDP=2643.135
FLEX: 2640 2020 2167 2001 2178 | ACC: 5772 6764 15520 | GYRO: -1021 376 -341 | GDP=1140.218
FLEX: 2613 2020 2183 1965 2176 | ACC: 5572 7292 15260 | GYRO: 814 648 -327 | GDP=1090.609
FLEX: 2646 2034 2182 1967 2177 | ACC: 5096 7664 14392 | GYRO: 1424 1037 -159 | GDP=1768.736
FLEX: 2595 2029 2161 1984 2170 | ACC: 6816 7608 12352 | GYRO: 1263 -231 46 | GDP=1284.775
FLEX: 2639 2021 2192 2001 2171 | ACC: 5892 7728 13288 | GYRO: 887 3162 58 | GDP=3284.566
FLEX: 2592 2031 2164 1968 2160 | ACC: 6888 7892 12884 | GYRO: -555 -666 -1161 | GDP=1448.966
FLEX: 2625 2033 2224 2031 2175 | ACC: 6812 7404 12556 | GYRO: -1625 1843 -3456 | GDP=4240.426
FLEX: 2588 2027 2182 1968 2143 | ACC: 5720 7412 12772 | GYRO: -5749 -1446 -5714 | GDP=8233.572
FLEX: 2631 2046 2175 2019 2159 | ACC: 5128 7736 12160 | GYRO: -11383 -1624 -4988 | GDP=12533.563
FLEX: 2559 2038 2160 1985 2153 | ACC: 4716 5644 12152 | GYRO: -16433 2114 -1721 | GDP=16657.561
FLEX: 2608 2081 2176 1994 2162 | ACC: 3596 2956 17460 | GYRO: -12734 2178 1467 | GDP=13001.943
FLEX: 2544 2087 2171 1985 2158 | ACC: 3700 2360 17372 | GYRO: -5176 2434 -748 | GDP=5768.435
FLEX: 2591 2077 2163 2000 2165 | ACC: 3976 1908 16656 | GYRO: -6605 1100 -735 | GDP=6736.189
FLEX: 2544 2075 2167 1968 2163 | ACC: 4404 684 16232 | GYRO: -7048 2014 -86 | GDP=7330.614
FLEX: 2559 2084 2172 2009 2162 | ACC: 4352 -436 17628 | GYRO: -4642 780 -1518 | GDP=4945.795
FLEX: 2512 2069 2169 1971 2145 | ACC: 3960 -32 17900 | GYRO: 1094 1004 -774 | GDP=1674.493
FLEX: 2559 2083 2192 2015 2176 | ACC: 3736 -64 17364 | GYRO: 3468 2540 -1267 | GDP=4481.508
FLEX: 2553 0 2181 1976 2154 | ACC: 2976 888 16084 | GYRO: 2975 112 -1570 | GDP=3365.720
FLEX: 2559 0 2178 2012 2166 | ACC: 3076 1528 15356 | GYRO: 2500 2366 -593 | GDP=3492.793
FLEX: 2559 0 2179 1979 2158 | ACC: 3224 1768 15760 | GYRO: 403 -315 -2726 | GDP=2773.573
FLEX: 2582 0 2176 2007 2180 | ACC: 3612 1868 15108 | GYRO: -1116 499 -2400 | GDP=2693.410
FLEX: 2539 0 2160 1967 2143 | ACC: 3348 1296 16040 | GYRO: -2953 -1922 -4726 | GDP=5894.859
FLEX: 2597 0 2179 2015 2160 | ACC: 3480 1304 15496 | GYRO: -4253 442 -5553 | GDP=7008.508
FLEX: 2541 0 2181 1968 2177 | ACC: 3440 44 16040 | GYRO: -5033 2890 -2400 | GDP=6280.381
FLEX: 2547 0 2169 2025 2159 | ACC: 2408 -1164 17424 | GYRO: -3036 1539 -2893 | GDP=4467.132
FLEX: 2559 0 2162 1967 2138 | ACC: 2348 -780 17560 | GYRO: 85 890 -2800 | GDP=2939.273
FLEX: 2559 0 2154 2001 2166 | ACC: 1904 -736 17724 | GYRO: 1521 1690 -1666 | GDP=2818.705
FLEX: 2540 0 2173 1968 2153 | ACC: 2808 -312 16108 | GYRO: 2489 1148 -1518 | GDP=3133.265
FLEX: 2559 2093 2207 2002 2174 | ACC: 2412 -96 16288 | GYRO: 2850 526 -1339 | GDP=3192.506
FLEX: 2541 2103 2165 1968 2149 | ACC: 1484 420 16396 | GYRO: 684 814 -502 | GDP=1175.779
FLEX: 2559 2076 2169 2022 2180 | ACC: 1768 460 16668 | GYRO: 747 -348 401 | GDP=916.468
FLEX: 2530 2094 2172 2014 2173 | ACC: 1736 124 16124 | GYRO: 761 -20 1605 | GDP=1776.386
FLEX: 2558 2101 2202 2064 2211 | ACC: 1532 508 15724 | GYRO: -750 647 2137 | GDP=2355.393
FLEX: 2534 2086 2178 2030 2205 | ACC: 1840 -168 17732 | GYRO: 53 -1326 1656 | GDP=2122.126
FLEX: 2559 2128 2181 2064 2207 | ACC: 2180 136 16728 | GYRO: 3132 -1129 1061 | GDP=3494.250
FLEX: 2539 2099 2192 2000 2176 | ACC: 3092 -112 15032 | GYRO: 3091 1375 1393 | GDP=3658.600
FLEX: 2559 2070 2214 2047 2195 | ACC: 2056 772 16908 | GYRO: 2145 -1137 -34 | GDP=2427.952
FLEX: 2640 2090 2177 1999 2187 | ACC: 2088 840 16972 | GYRO: 2663 -173 67 | GDP=2669.454
FLEX: 2559 2106 2197 2025 2211 | ACC: 2040 852 16208 | GYRO: 3271 -99 1051 | GDP=3437.127
FLEX: 2534 2082 2118 2087 2197 | ACC: 1440 1264 16872 | GYRO: 1423 -382 671 | GDP=1618.979
FLEX: 2559 2093 2192 2074 2166 | ACC: 2732 1352 16060 | GYRO: 881 361 1813 | GDP=2047.792
FLEX: 2531 2062 2193 2000 2211 | ACC: 2044 1332 16560 | GYRO: 170 -301 1006 | GDP=1063.737
FLEX: 2548 2084 2206 2086 2251 | ACC: 2900 1392 15692 | GYRO: 711 1466 3156 | GDP=3551.762
FLEX: 2513 2083 2179 2026 2189 | ACC: 2160 1596 16692 | GYRO: 1942 1836 5776 | GDP=6364.310
FLEX: 2586 2090 2199 2082 2215 | ACC: 1312 1532 16792 | GYRO: 2622 4765 8360 | GDP=9973.450
FLEX: 2539 2090 2227 2023 2249 | ACC: 1340 1636 15188 | GYRO: 3430 10755 10634 | GDP=15508.606
FLEX: 2592 2099 2236 2131 2263 | ACC: -1336 1820 17040 | GYRO: 4354 17616 14820 | GDP=23428.896
FLEX: 2557 2094 2167 2096 2231 | ACC: -2776 1528 18352 | GYRO: 7904 14226 13998 | GDP=21466.166
FLEX: 2598 2107 2187 2110 2274 | ACC: -3268 2140 16916 | GYRO: 7055 7725 9156 | GDP=13902.554
FLEX: 2584 2043 2221 2097 2244 | ACC: -2364 2976 15444 | GYRO: 7064 2732 6024 | GDP=9677.422
FLEX: 2624 2093 2230 2170 2268 | ACC: -2876 4640 16188 | GYRO: 5454 1100 2549 | GDP=6119.928
FLEX: 2605 2080 2206 2121 2256 | ACC: -2532 5728 14428 | GYRO: 3375 714 2995 | GDP=4568.418
FLEX: 2595 2091 2191 2129 2269 | ACC: -3036 5704 14212 | GYRO: 2438 6821 4407 | GDP=8478.888
FLEX: 2611 2045 2171 2096 2209 | ACC: -3864 5700 15884 | GYRO: 1653 3663 3271 | GDP=5181.643
FLEX: 2606 2102 2192 2119 2291 | ACC: -2940 6244 14164 | GYRO: 2777 5993 4086 | GDP=7766.799
FLEX: 2559 2039 2234 2091 2237 | ACC: -5056 6156 16060 | GYRO: 3543 10798 4066 | GDP=12069.880
FLEX: 2619 2096 2215 2139 2255 | ACC: -4372 6556 12464 | GYRO: 4828 15828 5892 | GDP=17565.615
FLEX: 2719 2099 2220 2074 2230 | ACC: -7748 8160 14016 | GYRO: 6172 21484 7683 | GDP=23636.504
FLEX: 2656 2070 2194 2096 2201 | ACC: -8448 8816 10480 | GYRO: 7502 22042 8799 | GDP=24890.805
FLEX: 2640 2071 2160 2057 2255 | ACC: -10420 9480 9856 | GYRO: 8526 22884 9834 | GDP=26326.369
FLEX: 2661 2067 2175 2082 2229 | ACC: -10544 10660 7520 | GYRO: 8857 21363 8465 | GDP=24626.824
FLEX: 2630 2093 2194 2139 2224 | ACC: -10464 11240 7024 | GYRO: 7422 11537 5986 | GDP=14967.319
FLEX: 2638 2079 2192 2082 2231 | ACC: -9000 11724 3516 | GYRO: 6494 11449 4825 | GDP=14018.996
FLEX: 2615 2094 2194 2038 2231 | ACC: -10276 12308 3352 | GYRO: 5553 9055 3327 | GDP=11130.938
FLEX: 2637 2065 2225 2108 2215 | ACC: -10316 12928 2968 | GYRO: 6171 6211 3555 | GDP=9449.645
FLEX: 2621 2069 2154 2098 2224 | ACC: -9380 13408 408 | GYRO: 3937 5288 2435 | GDP=7027.954
FLEX: 2672 2064 2192 2066 2195 | ACC: -9248 13032 160 | GYRO: 2150 5755 2584 | GDP=6664.802
FLEX: 2617 2033 2204 2077 2227 | ACC: -9424 13456 -148 | GYRO: 3521 4191 2043 | GDP=5842.583
FLEX: 2557 2064 2155 2128 2180 | ACC: -9396 13884 -624 | GYRO: 1651 5658 2269 | GDP=6315.625
FLEX: 2641 2057 2181 2082 2247 | ACC: -8836 13156 -916 | GYRO: 1020 2332 1799 | GDP=3116.894
FLEX: 2688 2067 2173 2090 2237 | ACC: -8464 13584 -996 | GYRO: 1249 3793 1812 | GDP=4385.225
FLEX: 2645 2027 2197 2082 2177 | ACC: -8708 14028 -884 | GYRO: 1068 3059 1578 | GDP=3603.913
FLEX: 2669 2046 2176 2113 2207 | ACC: -8296 14028 -1288 | GYRO: 808 1723 1426 | GDP=2378.039
FLEX: 2628 2034 2160 2115 2237 | ACC: -7700 13664 -1556 | GYRO: 465 -248 866 | GDP=1013.748
FLEX: 2641 2092 2215 2081 2202 | ACC: -8408 14156 -896 | GYRO: 637 1029 837 | GDP=1471.455
FLEX: 2671 2058 2183 2096 2218 | ACC: -7980 14076 -1356 | GYRO: 738 946 925 | GDP=1514.987
FLEX: 2643 2071 2183 2103 2229 | ACC: -8448 13788 -1316 | GYRO: 581 2106 1542 | GDP=2674.053
FLEX: 2637 2096 2171 2047 2257 | ACC: -7776 13928 -1232 | GYRO: 692 -532 409 | GDP=963.934
FLEX: 2619 2114 2160 2127 2221 | ACC: -7816 14464 -1476 | GYRO: 546 -440 573 | GDP=905.563
FLEX: 2625 2068 2167 2059 2211 | ACC: -7492 14292 -1904 | GYRO: 327 -1163 324 | GDP=1250.789
FLEX: 2636 2064 2160 2115 2204 | ACC: -7268 14064 -1604 | GYRO: 401 93 388 | GDP=565.680
FLEX: 2620 2079 2192 2112 2218 | ACC: -7712 14408 -1536 | GYRO: 584 -1767 -47 | GDP=1861.600
FLEX: 2647 2079 2288 2141 2206 | ACC: -7624 14468 -1320 | GYRO: 331 125 -86 | GDP=364.118
FLEX: 2698 2047 2146 2065 2159 | ACC: -7784 14008 -1436 | GYRO: 586 -801 -23 | GDP=992.737
FLEX: 2613 2095 2149 2109 2234 | ACC: -8464 14036 -712 | GYRO: 346 -77 -315 | GDP=474.205
FLEX: 2630 2087 2077 2032 2190 | ACC: -8144 14604 -1196 | GYRO: 611 -1039 56 | GDP=1206.639
FLEX: 2625 2057 2262 2112 2207 | ACC: -7564 14072 -1444 | GYRO: 1255 -209 -40 | GDP=1272.912
FLEX: 2585 2087 2173 2033 2213 | ACC: -7228 14004 -1276 | GYRO: 1104 -349 -328 | GDP=1203.412
FLEX: 2667 2125 2172 2053 2185 | ACC: -8044 14172 -1212 | GYRO: 1547 -2525 -776 | GDP=3061.210
FLEX: 2639 2091 2190 1986 2223 | ACC: -7320 14340 -2036 | GYRO: 1788 -1509 -563 | GDP=2406.448
FLEX: 2649 2085 2141 2007 2182 | ACC: -8704 14144 -1024 | GYRO: 2085 -1241 -193 | GDP=2434.041
FLEX: 2639 2055 2153 1939 2194 | ACC: -8456 14136 -1060 | GYRO: 1243 -36 -230 | GDP=1264.613
FLEX: 2593 2067 2141 2011 2176 | ACC: -7640 14116 -1604 | GYRO: 1461 1088 -20 | GDP=1821.720
FLEX: 2638 2039 2167 1974 2215 | ACC: -7348 14204 -2768 | GYRO: 567 -1609 224 | GDP=1720.624
FLEX: 2676 2080 2157 1954 2183 | ACC: -8032 14068 -1776 | GYRO: 457 -525 31 | GDP=696.732
FLEX: 2599 2020 2121 1966 2167 | ACC: -7932 14464 -1764 | GYRO: 572 -481 -5 | GDP=747.375
FLEX: 2637 2036 2173 1968 2171 | ACC: -8408 14228 -1088 | GYRO: -54 -925 74 | GDP=929.525
FLEX: 2623 2067 2192 1959 2176 | ACC: -7676 14028 -1272 | GYRO: 667 -1180 -53 | GDP=1356.502
FLEX: 2614 2093 2139 1995 2154 | ACC: -8240 13940 -628 | GYRO: 208 -1364 -451 | GDP=1451.606
FLEX: 2559 2096 2067 1990 2165 | ACC: -7248 14460 -1632 | GYRO: 355 -414 -597 | GDP=808.598
FLEX: 2686 2069 2161 1982 2154 | ACC: -8540 13872 -164 | GYRO: 1910 -1645 -130 | GDP=2524.089
FLEX: 2559 2001 2193 1974 2187 | ACC: -7724 13996 -1392 | GYRO: 2319 -234 -324 | GDP=2353.188
FLEX: 2629 2026 2159 2015 2176 | ACC: -8276 13952 -1368 | GYRO: 2280 -635 -509 | GDP=2420.889
FLEX: 2582 1990 2174 1963 2197 | ACC: -8236 14316 -1548 | GYRO: 426 1292 -387 | GDP=1414.394
FLEX: 2646 1999 2128 2024 2195 | ACC: -9028 13588 -1108 | GYRO: -365 152 -261 | GDP=473.762
FLEX: 2559 2027 2143 1984 2177 | ACC: -8024 14032 -1800 | GYRO: -16 291 -137 | GDP=322.034
FLEX: 2580 1994 2160 2013 2160 | ACC: -8432 14064 -784 | GYRO: 796 -885 57 | GDP=1191.675
FLEX: 2543 2013 2151 1981 2170 | ACC: -7860 14004 -1420 | GYRO: 620 -269 169 | GDP=696.651
FLEX: 2641 2026 2167 2032 2158 | ACC: -8416 13756 -1056 | GYRO: 237 -350 -146 | GDP=447.197
FLEX: 2585 2019 2176 1947 2126 | ACC: -8144 14028 -876 | GYRO: 554 30 -292 | GDP=626.961
FLEX: 2656 1996 2167 2027 2157 | ACC: -8300 13944 -548 | GYRO: 834 -237 -68 | GDP=869.683
FLEX: 2617 1999 2175 2000 2145 | ACC: -8068 13684 -1560 | GYRO: 897 431 107 | GDP=1000.909
FLEX: 2654 1981 2158 2014 2130 | ACC: -8732 13676 -640 | GYRO: 936 -776 -36 | GDP=1216.375
FLEX: 2595 1984 2174 1989 2142 | ACC: -8400 14152 -912 | GYRO: 1029 337 136 | GDP=1091.286
FLEX: 2559 1983 2149 2009 2128 | ACC: -8092 14188 -1808 | GYRO: 1066 107 370 | GDP=1133.448
FLEX: 2596 1974 2183 2030 2157 | ACC: -8280 13776 -1424 | GYRO: 741 -169 152 | GDP=775.078
FLEX: 2623 1979 2157 2019 2135 | ACC: -8216 14104 -1112 | GYRO: 517 -21 -77 | GDP=523.124
FLEX: 2603 2009 2189 2005 2167 | ACC: -8196 14064 -1084 | GYRO: 577 -491 -34 | GDP=758.397
FLEX: 2615 1989 2166 2058 2147 | ACC: -8540 13924 -968 | GYRO: 877 163 248 | GDP=925.852
FLEX: 2593 2000 2192 1984 2154 | ACC: -8404 13704 -956 | GYRO: 703 -542 100 | GDP=893.293
FLEX: 2610 2025 2199 2062 2145 | ACC: -8160 14288 -816 | GYRO: 1376 -462 -41 | GDP=1452.068
FLEX: 2590 2000 2178 2032 2145 | ACC: -7780 14188 -2260 | GYRO: 676 61 297 | GDP=740.882
FLEX: 2610 1993 2160 2000 2128 | ACC: -8172 14056 -1488 | GYRO: 904 321 -391 | GDP=1035.924
FLEX: 2586 2032 2177 1970 2162 | ACC: -7856 13992 -2036 | GYRO: -285 -297 -148 | GDP=437.422
FLEX: 2583 2100 2174 2006 2128 | ACC: -8948 14160 -212 | GYRO: -207 -868 -13 | GDP=892.436
FLEX: 2559 2112 2174 1979 2127 | ACC: -8452 13904 -956 | GYRO: -437 725 235 | GDP=878.532
FLEX: 2582 2096 2185 1995 2135 | ACC: -8728 13680 -256 | GYRO: 355 -322 150 | GDP=502.204
FLEX: 2559 2134 2178 1979 2146 | ACC: -7560 14196 -1156 | GYRO: 626 -436 163 | GDP=780.090
FLEX: 2559 2093 2146 1991 2128 | ACC: -8316 13984 -364 | GYRO: 1119 -269 -41 | GDP=1151.609
FLEX: 2559 2105 2171 1974 2126 | ACC: -8256 13864 -1064 | GYRO: 871 417 -2 | GDP=965.678
FLEX: 2603 2102 2178 1966 2134 | ACC: -8040 14224 -1740 | GYRO: 543 -28 -198 | GDP=578.651
FLEX: 2559 2130 2176 1963 2135 | ACC: -8492 14344 -668 | GYRO: -117 189 481 | GDP=529.878
FLEX: 2559 2103 2179 1993 2150 | ACC: -7992 14052 -1028 | GYRO: -8 229 502 | GDP=551.823
FLEX: 2559 2114 2158 2000 2156 | ACC: -8224 13752 -280 | GYRO: 114 265 109 | GDP=308.386
FLEX: 2630 2112 2176 1990 2125 | ACC: -7752 14392 -476 | GYRO: 511 84 319 | GDP=608.225
FLEX: 2589 2094 2195 2006 2099 | ACC: -8288 14080 -912 | GYRO: 533 -807 -269 | GDP=1003.842
FLEX: 2559 2113 2141 2007 2102 | ACC: -8352 14020 -588 | GYRO: 800 -361 -34 | GDP=878.338
FLEX: 2559 2108 2187 1999 2128 | ACC: -8108 14244 -672 | GYRO: 743 -592 -20 | GDP=950.217
FLEX: 2559 2096 2153 2001 2119 | ACC: -8044 14260 -456 | GYRO: 564 -669 43 | GDP=876.074
FLEX: 2559 2089 2182 1996 2127 | ACC: -8396 13868 -272 | GYRO: 560 49 330 | GDP=651.844
FLEX: 2606 2112 2163 1968 2126 | ACC: -8448 14060 -292 | GYRO: 679 -3 253 | GDP=724.610
FLEX: 2582 2089 2151 1991 2128 | ACC: -7908 14112 -604 | GYRO: 918 432 391 | GDP=1087.304
FLEX: 2559 2090 2135 2016 2128 | ACC: -8240 14428 -908 | GYRO: 1146 252 648 | GDP=1340.419
FLEX: 2554 2095 2166 1968 2129 | ACC: -10548 14376 564 | GYRO: 1542 -1036 1383 | GDP=2315.977
FLEX: 2608 2076 2176 2011 2118 | ACC: -12224 14452 2672 | GYRO: 3197 -708 4093 | GDP=5241.633
FLEX: 2559 2079 2163 2009 2127 | ACC: -10136 13824 2148 | GYRO: 5638 -515 7195 | GDP=9155.343
FLEX: 2559 2065 2167 2014 2146 | ACC: -7748 13288 8 | GYRO: 7940 1096 8750 | GDP=11866.226
FLEX: 2559 2106 2160 2000 2122 | ACC: -5468 13680 -2176 | GYRO: 9225 267 9267 | GDP=13078.578
FLEX: 2559 2081 2179 1997 2112 | ACC: -2944 14784 -5244 | GYRO: 8522 2671 8863 | GDP=12582.190
FLEX: 2603 2085 2185 2037 2139 | ACC: -1468 14824 -6196 | GYRO: 6309 -456 7553 | GDP=9851.864
FLEX: 2602 2073 2162 2011 2099 | ACC: 256 14676 -7592 | GYRO: 4600 889 5351 | GDP=7112.209
FLEX: 2591 2078 2188 1982 2112 | ACC: 580 14752 -8168 | GYRO: 2639 132 2779 | GDP=3834.656
FLEX: 2559 2081 2145 2000 2139 | ACC: 52 15396 -8628 | GYRO: 883 -357 297 | GDP=997.671
FLEX: 2559 2074 2179 1968 2119 | ACC: -1948 16204 -9148 | GYRO: -1540 -4009 -1267 | GDP=4477.607
FLEX: 2595 2078 2179 2004 2101 | ACC: -6316 15988 -5976 | GYRO: -5934 -18179 -3246 | GDP=19396.518
FLEX: 2559 2064 2154 1987 2119 | ACC: -7252 15816 -5820 | GYRO: -10429 -32768 -4768 | GDP=34716.563
FLEX: 2590 2069 2169 1993 2133 | ACC: -7836 16252 -6500 | GYRO: -14188 -32768 -4090 | GDP=35941.191
FLEX: 2559 2103 2161 2011 2109 | ACC: -4252 15732 -6492 | GYRO: -20712 -32768 -1722 | GDP=38803.273
FLEX: 2597 2070 2173 2003 2140 | ACC: -1356 14128 -1856 | GYRO: -26510 -32768 -618 | GDP=42153.340
FLEX: 2559 2066 2173 2064 2158 | ACC: 8 12928 1672 | GYRO: -32768 -32768 5284 | GDP=46641.230
FLEX: 2559 2079 2176 2064 2167 | ACC: 8424 5344 700 | GYRO: -32768 -19349 14444 | GDP=40703.254
FLEX: 2534 2098 2188 2038 2160 | ACC: 8244 -3004 13432 | GYRO: -32768 4920 7848 | GDP=34052.008
FLEX: 2496 2077 2192 2066 2192 | ACC: 5052 -8196 20816 | GYRO: -20868 -13677 1702 | GDP=25008.611
FLEX: 2497 2064 2192 2025 2167 | ACC: 7600 -7780 19236 | GYRO: -8314 -13078 -1430 | GDP=15562.826
FLEX: 2546 2046 2175 2039 2193 | ACC: 8976 -6800 17488 | GYRO: -766 -12304 -1174 | GDP=12383.596
FLEX: 2516 2047 2189 2032 2196 | ACC: 11040 -4272 14764 | GYRO: 4083 -5796 -883 | GDP=7144.522
FLEX: 2544 2063 2172 2029 2190 | ACC: 9180 -2192 13940 | GYRO: 4811 -235 -1533 | GDP=5054.803
FLEX: 2509 2070 2182 2025 2166 | ACC: 6736 -572 15484 | GYRO: 7794 -6152 -5653 | GDP=11425.846
FLEX: 2531 2061 2197 2006 2154 | ACC: 11528 1316 9728 | GYRO: 6719 -2383 -2789 | GDP=7655.205
FLEX: 2525 2085 2192 2027 2178 | ACC: 11276 2456 17772 | GYRO: -582 3540 -81 | GDP=3588.438
FLEX: 2531 2093 2186 2081 2195 | ACC: 10048 -1384 21460 | GYRO: -3340 3033 2338 | GDP=5081.430
FLEX: 2538 2111 2223 2103 2206 | ACC: 7328 32 15296 | GYRO: 9286 5291 -1370 | GDP=10775.035
FLEX: 2522 2139 2189 2112 2210 | ACC: 6488 2812 15084 | GYRO: 7209 2753 -578 | GDP=7738.396
FLEX: 2531 2161 2192 2119 2266 | ACC: 5744 2852 14036 | GYRO: 2678 4613 1046 | GDP=5435.583
FLEX: 2512 2141 2231 2151 2240 | ACC: 6408 2616 13972 | GYRO: 1725 2050 957 | GDP=2844.991
FLEX: 2546 2156 2224 2137 2269 | ACC: 6116 2800 15020 | GYRO: 1049 1015 612 | GDP=1582.773
FLEX: 2528 2133 2224 2130 2262 | ACC: 6892 1964 14896 | GYRO: 250 1570 942 | GDP=1847.908
FLEX: 2538 2173 2211 2135 2246 | ACC: 6912 1796 15676 | GYRO: 391 2453 310 | GDP=2503.236
FLEX: 2543 2169 2230 2169 2285 | ACC: 5920 1504 16020 | GYRO: 257 3154 564 | GDP=3214.321
FLEX: 2537 2199 2247 2191 2275 | ACC: 6148 1832 15956 | GYRO: 1672 3208 -90 | GDP=3618.694
FLEX: 2559 2224 2270 2256 2281 | ACC: 5436 1884 14632 | GYRO: 543 5210 -77 | GDP=5238.786
FLEX: 2559 2258 2279 2291 2315 | ACC: 4396 2172 15992 | GYRO: 1150 2479 -479 | GDP=2774.416
FLEX: 2559 2253 2266 2263 2307 | ACC: 4272 2380 15272 | GYRO: 180 3798 -119 | GDP=3804.125
FLEX: 2556 2211 2275 2240 2309 | ACC: 3668 1828 16700 | GYRO: 796 1706 295 | GDP=1905.538
FLEX: 2542 2252 2265 2270 2325 | ACC: 3152 1908 16748 | GYRO: 1121 3031 372 | GDP=3252.997
FLEX: 2555 2240 2261 2254 2326 | ACC: 4188 1796 16056 | GYRO: 533 2398 305 | GDP=2475.382
FLEX: 2559 2240 2298 2230 2297 | ACC: 3744 1424 17360 | GYRO: 1106 1468 -761 | GDP=1989.317
FLEX: 2588 2238 2269 2256 2303 | ACC: 5152 1152 16300 | GYRO: 1991 1858 -2330 | GDP=3584.012
FLEX: 2557 2245 2280 2237 2319 | ACC: 4644 2084 15944 | GYRO: 2718 803 -3803 | GDP=4742.904
FLEX: 2582 2246 2254 2215 2311 | ACC: 4312 1724 16656 | GYRO: 3678 2500 -4996 | GDP=6688.625
FLEX: 2559 2224 2256 2205 2282 | ACC: 3344 2992 16284 | GYRO: 7699 1057 -7354 | GDP=10699.214
FLEX: 2587 2251 2288 2205 2306 | ACC: 2792 3736 16788 | GYRO: 13609 3966 -6374 | GDP=15542.262
FLEX: 2618 2223 2262 2215 2288 | ACC: 3920 6028 10992 | GYRO: 21152 17138 -6021 | GDP=27881.365
FLEX: 2697 2210 2288 2224 2298 | ACC: -2452 7512 10092 | GYRO: 16872 32265 -6527 | GDP=36990.488
FLEX: 2709 2166 2259 2223 2279 | ACC: -7212 9952 8912 | GYRO: 11930 32767 -7181 | GDP=35602.918
FLEX: 2687 2147 2246 2234 2295 | ACC: -12536 10108 6436 | GYRO: 5368 32767 -4641 | GDP=33526.566
FLEX: 2663 2125 2218 2198 2305 | ACC: -18272 10748 7376 | GYRO: -624 32767 43 | GDP=32772.969
FLEX: 2636 2120 2243 2151 2273 | ACC: -14560 9624 4756 | GYRO: 1518 18955 2642 | GDP=19198.346
FLEX: 2634 2102 2242 2161 2262 | ACC: -13328 9704 2412 | GYRO: -807 12408 2742 | GDP=12732.960
FLEX: 2650 2097 2224 2125 2257 | ACC: -12400 9952 2352 | GYRO: 1616 5759 2296 | GDP=6406.961
FLEX: 2640 2091 2199 2107 2228 | ACC: -12776 9864 2056 | GYRO: 340 5184 1932 | GDP=5542.750
FLEX: 2642 2085 2199 2101 2224 | ACC: -12208 10020 996 | GYRO: 672 3170 861 | GDP=3352.880
FLEX: 2623 2091 2183 2096 2188 | ACC: -12916 10600 1436 | GYRO: 705 3073 965 | GDP=3297.208
FLEX: 2643 2099 2187 2059 2239 | ACC: -12460 9852 584 | GYRO: 1708 7557 841 | GDP=7793.125
FLEX: 2640 2118 2161 2054 2211 | ACC: -12904 10492 -148 | GYRO: 1138 6783 2084 | GDP=7186.598
FLEX: 2627 2096 2170 2047 2208 | ACC: -11924 10896 -1344 | GYRO: 1002 6918 953 | GDP=7054.852
FLEX: 2629 2109 2191 2061 2206 | ACC: -13488 11308 -60 | GYRO: -1987 3884 848 | GDP=4444.404
FLEX: 2608 2115 2192 2027 2193 | ACC: -11416 10036 -1248 | GYRO: -1203 -5 536 | GDP=1317.016
FLEX: 2654 2128 2193 2032 2187 | ACC: -12840 11028 -560 | GYRO: -329 1535 174 | GDP=1579.475
FLEX: 2646 2130 2183 2064 2177 | ACC: -11868 10380 -620 | GYRO: -1184 884 -298 | GDP=1507.354
FLEX: 2639 2146 2178 2078 2185 | ACC: -13032 10668 -120 | GYRO: 155 3 65 | GDP=168.104
FLEX: 2645 2129 2188 2067 2183 | ACC: -12016 10676 -828 | GYRO: 82 -144 -138 | GDP=215.648
FLEX: 2617 2123 2192 2058 2195 | ACC: -12424 10792 -524 | GYRO: 359 -172 -96 | GDP=409.489
FLEX: 2640 2115 2210 2060 2187 | ACC: -12068 10520 -828 | GYRO: 276 -337 -61 | GDP=439.848
FLEX: 2622 2095 2205 2057 2186 | ACC: -12016 10720 -716 | GYRO: 229 1035 198 | GDP=1078.365
FLEX: 2606 2139 2181 2055 2190 | ACC: -12048 10736 -504 | GYRO: 847 -868 -255 | GDP=1239.297
FLEX: 2629 2127 2186 2059 2190 | ACC: -12152 10916 -1004 | GYRO: 340 420 -167 | GDP=565.587
FLEX: 2635 2121 2199 2046 2197 | ACC: -12352 10588 -672 | GYRO: 151 -113 -169 | GDP=253.241
FLEX: 2605 2098 2179 2068 2181 | ACC: -11804 10668 -860 | GYRO: 976 962 170 | GDP=1380.913
FLEX: 2613 2134 2203 2086 2190 | ACC: -12836 10612 -92 | GYRO: 1113 -474 -291 | GDP=1244.237
FLEX: 2660 2114 2197 2042 2185 | ACC: -12300 10488 -960 | GYRO: 521 -127 169 | GDP=562.255
FLEX: 2635 2123 2192 2064 2197 | ACC: -12444 10584 -564 | GYRO: 1550 -343 336 | GDP=1622.666
FLEX: 2639 2085 2184 2095 2190 | ACC: -11644 10932 -852 | GYRO: 1454 993 356 | GDP=1796.358
FLEX: 2639 2112 2209 2074 2176 | ACC: -11752 11096 -1652 | GYRO: 977 -693 -161 | GDP=1208.594
FLEX: 2687 2129 2192 2086 2218 | ACC: -12092 10700 -1672 | GYRO: 545 614 -248 | GDP=857.628
FLEX: 2646 2105 2220 2091 2201 | ACC: -12288 10900 -1344 | GYRO: -110 -666 -202 | GDP=704.599
FLEX: 2640 2087 2187 2112 2181 | ACC: -12124 10760 -964 | GYRO: 133 186 -70 | GDP=239.134
FLEX: 2657 2091 2192 2090 2204 | ACC: -12680 10732 -276 | GYRO: -135 -1469 144 | GDP=1482.202
FLEX: 2657 2110 2223 2089 2189 | ACC: -11584 10400 -668 | GYRO: 741 1439 535 | GDP=1704.707
FLEX: 2655 2116 2191 2093 2215 | ACC: -12216 10912 -284 | GYRO: 1283 -148 -54 | GDP=1292.636
FLEX: 2640 2128 2187 2095 2191 | ACC: -11684 10656 -1704 | GYRO: 146 -1062 -342 | GDP=1125.222
FLEX: 2651 2128 2196 2114 2218 | ACC: -12916 10672 -540 | GYRO: 567 -31 27 | GDP=568.488
FLEX: 2672 2102 2203 2080 2177 | ACC: -11964 10876 -792 | GYRO: 600 -382 72 | GDP=714.918
FLEX: 2656 2107 2194 2083 2203 | ACC: -12368 10896 -460 | GYRO: 190 -375 -112 | GDP=435.051
FLEX: 2665 2126 2175 2074 2186 | ACC: -12272 10476 -348 | GYRO: 324 -387 83 | GDP=511.502
FLEX: 2659 2112 2192 2087 2187 | ACC: -11824 10828 -768 | GYRO: 1096 412 397 | GDP=1236.353
FLEX: 2635 2130 2182 2109 2213 | ACC: -12024 10900 -344 | GYRO: 1366 318 33 | GDP=1402.914
FLEX: 2667 2128 2177 2096 2208 | ACC: -12200 10888 -1152 | GYRO: 818 -142 -127 | GDP=839.891
FLEX: 2689 2113 2162 2063 2187 | ACC: -12484 10708 -1100 | GYRO: 874 57 42 | GDP=876.863
FLEX: 2643 2100 2187 2108 2206 | ACC: -12096 10884 -728 | GYRO: 704 486 436 | GDP=960.160
FLEX: 2650 2115 2171 2093 2195 | ACC: -12072 10732 -648 | GYRO: 936 -916 194 | GDP=1323.929
FLEX: 2657 2121 2217 2075 2203 | ACC: -12876 10664 240 | GYRO: 987 625 494 | GDP=1268.397
FLEX: 2672 2114 2186 2121 2215 | ACC: -12356 10532 568 | GYRO: 3056 968 1155 | GDP=3407.372
FLEX: 2674 2096 2192 2098 2198 | ACC: -12808 11100 316 | GYRO: 4031 5482 2132 | GDP=7130.688
FLEX: 2675 2110 2187 2089 2209 | ACC: -12180 10496 -744 | GYRO: 6391 9685 3906 | GDP=12243.404
FLEX: 2675 2128 2197 2078 2186 | ACC: -10800 11032 -3540 | GYRO: 7312 11303 5055 | GDP=14379.714
FLEX: 2674 2114 2183 2099 2207 | ACC: -8836 10536 -4804 | GYRO: 7670 7710 4161 | GDP=11644.180
FLEX: 2673 2119 2192 2102 2192 | ACC: -9228 12308 -6696 | GYRO: 6377 6218 1601 | GDP=9049.467
FLEX: 2673 2143 2187 2107 2211 | ACC: -9256 11268 -7344 | GYRO: 5190 3776 1553 | GDP=6603.490
FLEX: 2703 2111 2205 2091 2202 | ACC: -8676 11268 -8032 | GYRO: 4337 2605 920 | GDP=5142.178
FLEX: 2672 2114 2160 2097 2197 | ACC: -8988 11272 -8164 | GYRO: 3929 1702 617 | GDP=4326.030
FLEX: 2697 2102 2221 2078 2193 | ACC: -8656 11204 -9620 | GYRO: 1708 -818 -166 | GDP=1901.038
FLEX: 2715 2111 2189 2112 2131 | ACC: -8728 10764 -9048 | GYRO: 526 -809 -170 | GDP=979.825
FLEX: 2693 2102 2183 2078 2192 | ACC: -9124 11380 -8208 | GYRO: -475 -1475 -752 | GDP=1722.427
FLEX: 2707 2079 2186 2105 2192 | ACC: -9324 11000 -7876 | GYRO: -1133 -1132 -1286 | GDP=2053.998
FLEX: 2684 2112 2202 2113 2202 | ACC: -10188 10880 -6876 | GYRO: -1524 -2077 -853 | GDP=2713.690
FLEX: 2687 2099 2195 2097 2155 | ACC: -8928 10884 -6784 | GYRO: -431 -476 -596 | GDP=876.101
FLEX: 2715 2103 2208 2096 2224 | ACC: -10432 11052 -5876 | GYRO: -86 -883 -758 | GDP=1166.897
FLEX: 2691 2093 2190 2094 2203 | ACC: -9856 10964 -6988 | GYRO: 89 -376 -483 | GDP=618.535
FLEX: 2686 2071 2199 2083 2218 | ACC: -9156 11056 -7208 | GYRO: 247 -75 -264 | GDP=369.229
FLEX: 2732 2118 2178 2103 2207 | ACC: -9832 11140 -6604 | GYRO: 143 -868 -1007 | GDP=1337.132
FLEX: 2679 2106 2171 2078 2209 | ACC: -10196 11016 -6800 | GYRO: -369 -1243 -857 | GDP=1554.239
FLEX: 2690 2098 2198 2101 2192 | ACC: -10692 10880 -6436 | GYRO: -367 -430 -316 | GDP=647.646
FLEX: 2691 2091 2181 2101 2206 | ACC: -9444 10804 -6168 | GYRO: 6 -298 -199 | GDP=358.387
FLEX: 2695 2103 2187 2064 2187 | ACC: -10396 11336 -6184 | GYRO: 95 -629 -1094 | GDP=1265.505
FLEX: 2683 2121 2202 2113 2192 | ACC: -9996 10764 -6944 | GYRO: -1044 -589 -1178 | GDP=1680.637
FLEX: 2669 2102 2191 2109 2227 | ACC: -10340 10856 -6016 | GYRO: -472 -270 -810 | GDP=975.594
FLEX: 2671 2117 2191 2095 2223 | ACC: -9904 10732 -5808 | GYRO: 88 -900 -1676 | GDP=1904.395
FLEX: 2654 2106 2209 2097 2221 | ACC: -8780 10956 -7528 | GYRO: -1484 -1180 -2393 | GDP=3053.049
FLEX: 2672 2107 2195 2106 2212 | ACC: -8240 10340 -8172 | GYRO: -3643 -1349 -4634 | GDP=6046.917
FLEX: 2689 2111 2196 2086 2213 | ACC: -11504 10340 -6056 | GYRO: -5891 -4271 -6233 | GDP=9581.003
FLEX: 2679 2112 2209 2087 2201 | ACC: -13088 9852 -3868 | GYRO: -6189 -5209 -4970 | GDP=9494.119
FLEX: 2657 2090 2181 2107 2182 | ACC: -14728 9904 -1940 | GYRO: -5822 -941 -3545 | GDP=6881.002
FLEX: 2672 2112 2192 2099 2225 | ACC: -12744 9256 -1260 | GYRO: -4311 -2600 -1487 | GDP=5249.370
FLEX: 2669 2105 2175 2082 2240 | ACC: -14660 9960 716 | GYRO: -1861 237 -1361 | GDP=2317.717
FLEX: 2688 2106 2185 2095 2209 | ACC: -13108 9612 -404 | GYRO: -609 -2366 -177 | GDP=2449.524
FLEX: 2673 2093 2168 2104 2189 | ACC: -13876 9640 236 | GYRO: 1507 507 869 | GDP=1811.977
FLEX: 2687 2115 2193 2071 2218 | ACC: -12292 9792 -1212 | GYRO: 3695 1585 1455 | GDP=4275.778
FLEX: 2667 2096 2195 2112 2199 | ACC: -13108 10016 -1980 | GYRO: 3667 596 1730 | GDP=4098.171
FLEX: 2678 2128 2198 2096 2207 | ACC: -13548 9912 -2056 | GYRO: 3854 722 2567 | GDP=4686.586
FLEX: 2682 2098 2195 2107 2199 | ACC: -11996 10100 -2804 | GYRO: 5321 2996 3523 | GDP=7049.864
FLEX: 2651 2128 2192 2077 2224 | ACC: -11364 10200 -3520 | GYRO: 4863 801 3337 | GDP=5951.969
FLEX: 2672 2074 2214 2093 2207 | ACC: -11344 10572 -3996 | GYRO: 5203 3170 2641 | GDP=6640.406
FLEX: 2672 2107 2187 2060 2211 | ACC: -9992 10056 -5216 | GYRO: 4091 367 2273 | GDP=4694.412
FLEX: 2643 2093 2177 2112 2218 | ACC: -9872 10744 -5668 | GYRO: 4671 2104 1257 | GDP=5274.951
FLEX: 2663 2113 2203 2087 2202 | ACC: -10876 11020 -6416 | GYRO: 3281 -492 -29 | GDP=3317.810
FLEX: 2654 2111 2190 2087 2219 | ACC: -9888 10524 -7512 | GYRO: 1701 -1401 -722 | GDP=2318.941
FLEX: 2672 2113 2193 2091 2226 | ACC: -11492 10708 -6360 | GYRO: -392 -2369 -1461 | GDP=2810.755
FLEX: 2682 2091 2155 2069 2235 | ACC: -11096 10672 -6612 | GYRO: -1429 -2243 -1858 | GDP=3244.265
FLEX: 2663 2095 2207 2096 2250 | ACC: -12968 10392 -4500 | GYRO: -3284 -2972 -1744 | GDP=4760.145
FLEX: 2689 2096 2192 2103 2218 | ACC: -10912 10164 -4588 | GYRO: -2742 -2881 -950 | GDP=4089.159
FLEX: 2675 2096 2174 2085 2231 | ACC: -13080 10436 -2144 | GYRO: -2761 -3545 -1371 | GDP=4697.849
FLEX: 2682 2083 2215 2111 2222 | ACC: -11492 10076 -2900 | GYRO: -2836 -5140 -1356 | GDP=6025.050
FLEX: 2672 2105 2207 2111 2220 | ACC: -12644 10108 -1560 | GYRO: -2087 -2083 -918 | GDP=3088.233
FLEX: 2691 2095 2183 2082 2229 | ACC: -11652 10232 -1640 | GYRO: -953 -3624 -979 | GDP=3872.987
FLEX: 2678 2107 2189 2093 2221 | ACC: -12988 10192 -976 | GYRO: -1055 -730 -952 | GDP=1597.570
FLEX: 2672 2096 2163 2128 2214 | ACC: -12868 9896 -1032 | GYRO: -968 -3923 -964 | GDP=4154.064
FLEX: 2676 2096 2195 2075 2223 | ACC: -12428 9940 -728 | GYRO: -212 -182 -525 | GDP=594.721
FLEX: 2688 2093 2190 2106 2238 | ACC: -13288 10160 -252 | GYRO: 9 -1922 -618 | GDP=2018.933
FLEX: 2684 2127 2185 2110 2221 | ACC: -12628 10000 -1008 | GYRO: -199 -2932 -623 | GDP=3004.056
FLEX: 2671 2113 2218 2106 2217 | ACC: -13068 9932 -176 | GYRO: -166 -1664 -383 | GDP=1715.558
FLEX: 2672 2128 2192 2109 2224 | ACC: -12328 10108 -528 | GYRO: -55 -1027 -625 | GDP=1203.486
FLEX: 2676 2107 2233 2095 2224 | ACC: -13416 9864 544 | GYRO: -470 -2864 -703 | GDP=2986.236
FLEX: 2674 2077 2192 2087 2208 | ACC: -13384 9652 880 | GYRO: -270 -1442 -306 | GDP=1498.633
FLEX: 2656 2101 2213 2111 2193 | ACC: -13376 9688 1160 | GYRO: 412 -3289 -293 | GDP=3327.629
FLEX: 2670 2096 2188 2073 2234 | ACC: -13176 9852 1120 | GYRO: -222 -6323 -871 | GDP=6386.568
FLEX: 2672 2111 2199 2094 2241 | ACC: -11780 9952 -216 | GYRO: -1335 -4182 -802 | GDP=4462.572
FLEX: 2671 2101 2202 2086 2224 | ACC: -13724 9684 2132 | GYRO: -1208 -4813 -264 | GDP=4969.298
FLEX: 2683 2097 2192 2105 2233 | ACC: -13728 9804 3324 | GYRO: -1877 -8767 -638 | GDP=8988.352
FLEX: 2666 2096 2193 2093 2229 | ACC: -10836 9696 1724 | GYRO: -3001 -5143 -725 | GDP=5998.506
FLEX: 2675 2085 2201 2089 2227 | ACC: -13276 9128 5072 | GYRO: -2441 -7546 -182 | GDP=7933.078
FLEX: 2639 2096 2193 2047 2224 | ACC: -12092 9352 4840 | GYRO: -2604 -5690 110 | GDP=6258.516
FLEX: 2677 2077 2208 2087 2217 | ACC: -13388 9300 6632 | GYRO: -2430 -3280 699 | GDP=4141.485
FLEX: 2671 2095 2224 2096 2214 | ACC: -11824 9188 6204 | GYRO: -1835 -2909 1403 | GDP=3714.554
FLEX: 2669 2079 2187 2097 2214 | ACC: -11600 8972 7040 | GYRO: -887 -135 1843 | GDP=2049.791
FLEX: 2647 2090 2205 2077 2212 | ACC: -11136 9056 6896 | GYRO: -708 -1672 1447 | GDP=2321.779
FLEX: 2678 2099 2192 2112 2226 | ACC: -10664 9032 7084 | GYRO: -753 -1124 775 | GDP=1559.170
FLEX: 2651 2107 2187 2091 2234 | ACC: -10788 8960 7720 | GYRO: 183 -864 124 | GDP=891.830
FLEX: 2662 2082 2170 2111 2205 | ACC: -10872 9156 7372 | GYRO: 231 -163 -272 | GDP=392.319
FLEX: 2671 2102 2186 2087 2213 | ACC: -10988 8824 7520 | GYRO: 852 -49 -809 | GDP=1175.919
FLEX: 2864 2128 2192 2087 2224 | ACC: -11516 9312 6512 | GYRO: 980 -563 -569 | GDP=1265.358
FLEX: 1718 2116 2192 2129 2240 | ACC: -11140 9372 6272 | GYRO: 714 -645 -397 | GDP=1040.879
FLEX: 3920 2096 2182 2081 2225 | ACC: -12104 9064 7288 | GYRO: 539 -384 -132 | GDP=674.834
FLEX: 2595 2073 2202 2091 2242 | ACC: -11012 8996 7196 | GYRO: 550 -145 53 | GDP=571.257
FLEX: 3271 2080 2222 2099 2226 | ACC: -11508 9096 6900 | GYRO: 823 -759 -55 | GDP=1120.908
FLEX: 2364 2090 2190 2079 2221 | ACC: -11232 9272 7052 | GYRO: 163 -667 -145 | GDP=701.771
FLEX: 3052 2058 2198 2114 2218 | ACC: -11400 8732 8452 | GYRO: 186 -1855 -348 | GDP=1896.503
FLEX: 1930 2134 2199 2098 2215 | ACC: -11532 9208 7660 | GYRO: 1202 396 90 | GDP=1268.747
FLEX: 3280 2115 2192 2110 2225 | ACC: -11460 9036 7548 | GYRO: 739 -819 451 | GDP=1191.756
FLEX: 2332 2113 2178 2064 2206 | ACC: -11040 9108 7360 | GYRO: 1552 901 523 | GDP=1869.234
FLEX: 3277 2092 2211 2098 2221 | ACC: -10552 9252 7240 | GYRO: 1016 -1599 -120 | GDP=1898.277
FLEX: 2263 2095 2137 2094 2225 | ACC: -10628 9200 6872 | GYRO: 609 92 -775 | GDP=989.934
FLEX: 3024 2064 2159 2111 2215 | ACC: -11204 9196 7696 | GYRO: 25 -403 -1373 | GDP=1431.141
FLEX: 2215 2047 2210 2094 2222 | ACC: -10808 9096 6896 | GYRO: 59 -379 -1635 | GDP=1679.389
FLEX: 3216 2130 2181 2086 2222 | ACC: -11920 8836 7836 | GYRO: -81 -173 -1823 | GDP=1832.981
FLEX: 2221 2132 2173 2078 2207 | ACC: -11824 8420 8052 | GYRO: -580 136 -1164 | GDP=1307.590
FLEX: 3142 2163 2160 2083 2237 | ACC: -11900 8248 8432 | GYRO: 681 382 -650 | GDP=1015.965
FLEX: 2085 2074 2192 2085 2224 | ACC: -12216 8552 7512 | GYRO: 1017 275 -119 | GDP=1060.224
FLEX: 2706 2096 2209 2113 2215 | ACC: -11672 8708 7888 | GYRO: 1340 630 -141 | GDP=1487.407
FLEX: 2688 2083 2181 2105 2256 | ACC: -11176 8428 7176 | GYRO: 499 -511 -229 | GDP=750.042
FLEX: 2719 2110 2193 2133 2210 | ACC: -11440 8472 7644 | GYRO: 679 -707 -449 | GDP=1078.189
FLEX: 2679 2036 2195 2080 2161 | ACC: -11600 8480 7504 | GYRO: 598 -195 -277 | GDP=687.283
FLEX: 2695 2077 2158 2086 2199 | ACC: -11984 8536 7860 | GYRO: 167 -622 -357 | GDP=736.357
FLEX: 2683 2094 2188 2128 2197 | ACC: -11480 8116 7760 | GYRO: 270 147 -278 | GDP=414.479
FLEX: 2690 2119 2187 2123 2255 | ACC: -11548 8236 7632 | GYRO: 829 12 -212 | GDP=855.762
FLEX: 2683 2112 2153 2037 2207 | ACC: -12204 8500 7496 | GYRO: 862 1074 -274 | GDP=1404.135
FLEX: 2665 2078 2158 2095 2213 | ACC: -11932 8476 7016 | GYRO: 249 221 64 | GDP=339.025
FLEX: 2645 2107 2213 2065 2224 | ACC: -12456 8396 7828 | GYRO: 224 -35 307 | GDP=381.641
FLEX: 2671 2099 2165 2082 2233 | ACC: -11512 8536 7420 | GYRO: -404 -1785 304 | GDP=1855.224
FLEX: 2624 2097 2195 2069 2234 | ACC: -11848 8136 8768 | GYRO: 336 -1720 190 | GDP=1762.781
FLEX: 2662 2101 2238 2104 2240 | ACC: -11444 8256 8328 | GYRO: 223 -3092 72 | GDP=3100.867
FLEX: 2657 2094 2219 2070 2214 | ACC: -14108 7764 11008 | GYRO: 2845 -17082 -956 | GDP=17343.664
FLEX: 2701 2064 2184 2082 2227 | ACC: -18896 8244 13196 | GYRO: 1972 -32768 -1476 | GDP=32860.449
FLEX: 2639 2096 2195 2006 2164 | ACC: -2596 9492 3180 | GYRO: -4410 -32768 2447 | GDP=33153.848
FLEX: 2701 2142 2210 2118 2232 | ACC: 792 8280 11536 | GYRO: 142 -19699 1837 | GDP=19784.977
FLEX: 2599 2065 2209 2075 2186 | ACC: 784 7724 15636 | GYRO: -1544 -6057 1720 | GDP=6483.023
FLEX: 2722 2157 2187 2085 2229 | ACC: 2268 7564 15320 | GYRO: 1272 -4015 1355 | GDP=4424.277
FLEX: 2545 2113 2186 2055 2178 | ACC: 2116 7256 15388 | GYRO: 1059 858 19 | GDP=1363.087
FLEX: 2702 2110 2177 2096 2207 | ACC: 1208 7836 15256 | GYRO: 2732 -617 -1110 | GDP=3012.742
FLEX: 2680 2088 2202 2064 2141 | ACC: 64 8268 15124 | GYRO: 2511 -1305 -1823 | GDP=3366.226
FLEX: 2743 2155 2201 2063 2218 | ACC: 1032 8032 14908 | GYRO: 2323 -2791 -2155 | GDP=4222.563
FLEX: 2657 2137 2199 2045 2207 | ACC: 632 8760 14380 | GYRO: 3217 -1778 -2791 | GDP=4615.198
FLEX: 2653 2187 2206 2078 2207 | ACC: 1048 8628 14480 | GYRO: 3698 -3470 -2802 | GDP=5793.730
FLEX: 2642 2118 2144 2067 2186 | ACC: 1424 9020 13036 | GYRO: 3961 -2688 -3230 | GDP=5774.752
FLEX: 2730 2140 2170 2079 2210 | ACC: 1448 9164 13152 | GYRO: 4777 -2953 -5189 | GDP=7646.284
FLEX: 2702 2128 2219 2069 2211 | ACC: 164 9784 13112 | GYRO: 3324 -5171 -6244 | GDP=8762.178
FLEX: 2736 2160 2227 2096 2198 | ACC: 920 9916 12348 | GYRO: 606 -8152 -8501 | GDP=11793.614
FLEX: 2675 2070 2198 2096 2170 | ACC: -504 10432 13112 | GYRO: -4410 -11258 -11577 | GDP=16739.701
FLEX: 2710 2096 2209 2063 2194 | ACC: 1564 8656 11428 | GYRO: -15069 -9742 -13272 | GDP=22318.766
FLEX: 2701 2147 2163 1986 2192 | ACC: 668 8088 12908 | GYRO: -16123 -7175 -9408 | GDP=19998.555
FLEX: 2709 2062 2230 2021 2145 | ACC: 596 5088 16480 | GYRO: -18000 -6835 -6406 | GDP=20291.725
FLEX: 2655 2098 2143 1991 2147 | ACC: 1688 3320 17372 | GYRO: -6456 3712 -2944 | GDP=8007.872
FLEX: 2671 2105 2146 2022 2181 | ACC: -1076 2932 19960 | GYRO: -2431 -2807 -1642 | GDP=4060.194
FLEX: 2587 2125 2176 1968 2165 | ACC: -152 4096 16068 | GYRO: 221 1918 -177 | GDP=1938.787
FLEX: 2672 2095 2203 2020 2192 | ACC: -1200 3836 17348 | GYRO: 352 952 120 | GDP=1022.061
FLEX: 2614 2139 2135 2002 2208 | ACC: 2176 3884 14852 | GYRO: 349 -1515 559 | GDP=1652.122
FLEX: 2701 2115 2196 1965 2226 | ACC: 448 3724 17456 | GYRO: 1250 1228 749 | GDP=1905.646
FLEX: 2646 2086 2181 1971 2177 | ACC: 2688 3368 15308 | GYRO: 1007 -432 331 | GDP=1144.655
FLEX: 2690 2128 2183 1987 2249 | ACC: 368 4424 16620 | GYRO: 1784 1292 83 | GDP=2204.271
FLEX: 2676 2066 2193 2023 2183 | ACC: 1092 3884 15444 | GYRO: 598 106 461 | GDP=762.470
FLEX: 2685 2068 2176 1980 2202 | ACC: 248 3920 17048 | GYRO: 284 1255 428 | GDP=1356.048
FLEX: 2695 2070 2150 1936 2151 | ACC: 1460 3760 16044 | GYRO: 1011 227 276 | GDP=1072.299
FLEX: 2690 2109 2183 1983 2162 | ACC: 1124 4096 16368 | GYRO: 1281 806 -185 | GDP=1524.737
FLEX: 2650 2064 2192 2032 2141 | ACC: 572 3636 16824 | GYRO: 1597 1857 -420 | GDP=2485.007
FLEX: 2672 2083 2195 1996 2187 | ACC: 240 3824 16392 | GYRO: 2577 543 -465 | GDP=2674.323
FLEX: 2673 2097 2189 1967 2190 | ACC: 8 4740 15188 | GYRO: 1935 1138 -608 | GDP=2325.711
FLEX: 2704 2065 2199 2010 2261 | ACC: -884 4496 16056 | GYRO: 326 -490 553 | GDP=807.580
FLEX: 2653 2077 2187 2006 2191 | ACC: 376 4336 16296 | GYRO: 815 -269 553 | GDP=1020.977
FLEX: 2677 2074 2205 1968 2255 | ACC: -64 4504 15952 | GYRO: 1124 365 939 | GDP=1509.411
FLEX: 2671 2064 2183 1986 2210 | ACC: 900 4700 16388 | GYRO: 1777 632 1092 | GDP=2179.362
FLEX: 2668 2067 2207 2095 2256 | ACC: 348 3764 16992 | GYRO: 5268 1815 1705 | GDP=5826.926
FLEX: 2719 2082 2160 2061 2237 | ACC: 212 5084 15980 | GYRO: 8269 3479 196 | GDP=8973.194
FLEX: 2721 2091 2216 2128 2260 | ACC: -212 6424 13852 | GYRO: 7055 4827 1626 | GDP=8701.542
FLEX: 2681 2093 2184 2156 2268 | ACC: -2800 6604 18148 | GYRO: 4519 1156 1700 | GDP=4964.645
FLEX: 2720 2085 2206 2245 2218 | ACC: 680 6984 13796 | GYRO: 4048 2646 1596 | GDP=5092.625
FLEX: 2684 2071 2192 2192 2283 | ACC: -1076 7408 14132 | GYRO: 2111 2826 1237 | GDP=3738.016
FLEX: 2730 2069 2212 2245 2304 | ACC: -432 7264 14268 | GYRO: 2172 2801 1627 | GDP=3900.040
FLEX: 2688 2076 2215 2191 2293 | ACC: -1788 7680 14936 | GYRO: 1616 10415 1421 | GDP=10634.985
FLEX: 2705 2078 2208 2226 2287 | ACC: -848 7384 12076 | GYRO: 3126 12969 1742 | GDP=13453.676
FLEX: 2698 2096 2220 2207 2288 | ACC: -5916 8576 12812 | GYRO: 2299 27132 2294 | GDP=27325.687
FLEX: 2709 2109 2256 2254 2322 | ACC: -9832 7780 13852 | GYRO: 1040 20092 1596 | GDP=20182.102
FLEX: 2715 2091 2240 2189 2288 | ACC: -6936 8356 11268 | GYRO: 400 13957 5188 | GDP=14895.408
FLEX: 2703 2093 2247 2264 2268 | ACC: -8832 7948 10196 | GYRO: -2913 21679 1791 | GDP=21947.033
FLEX: 2672 2066 2246 2189 2165 | ACC: -10488 8580 10004 | GYRO: -2904 15770 1745 | GDP=16129.821
FLEX: 2704 2103 2257 2261 2195 | ACC: -9996 7836 7668 | GYRO: -4373 16077 1836 | GDP=16761.980
FLEX: 2673 2096 2252 2192 2186 | ACC: -13592 8288 8512 | GYRO: -4173 19041 2477 | GDP=19649.660
FLEX: 2704 2102 2274 2230 2162 | ACC: -12704 7288 7472 | GYRO: -5509 10294 2886 | GDP=12026.824
FLEX: 2671 2086 2224 2179 2151 | ACC: -14128 8092 7336 | GYRO: -8079 12357 3281 | GDP=15123.844
FLEX: 2704 2110 2224 2256 2192 | ACC: -12680 6876 6192 | GYRO: -4910 4344 2969 | GDP=7196.763
FLEX: 2678 2087 2215 2186 2163 | ACC: -13996 8044 7332 | GYRO: -2694 5156 1864 | GDP=6108.721
FLEX: 2699 2118 2231 2219 2209 | ACC: -12808 7348 6092 | GYRO: -2527 -121 272 | GDP=2544.475
FLEX: 2653 2096 2221 2156 2197 | ACC: -13512 7664 6632 | GYRO: -726 1941 667 | GDP=2177.027
FLEX: 2703 2126 2197 2198 2206 | ACC: -11672 7480 5896 | GYRO: 112 1065 61 | GDP=1072.609
FLEX: 2643 2098 2185 2202 2187 | ACC: -14168 7420 7364 | GYRO: 1077 590 199 | GDP=1244.038
FLEX: 2667 2122 2203 2205 2200 | ACC: -12796 7808 5352 | GYRO: 844 -1011 4 | GDP=1316.994
FLEX: 2634 2092 2192 2160 2192 | ACC: -12796 7788 5492 | GYRO: 1355 1627 610 | GDP=2203.464
FLEX: 2682 2115 2203 2224 2192 | ACC: -13512 8016 5648 | GYRO: 606 634 337 | GDP=939.554
FLEX: 2622 2106 2199 2148 2177 | ACC: -12492 8008 4648 | GYRO: 229 -1016 -11 | GDP=1041.546
FLEX: 2682 2095 2205 2189 2183 | ACC: -13412 7536 6444 | GYRO: 1773 1078 451 | GDP=2123.444
FLEX: 2668 2098 2209 2172 2160 | ACC: -12552 8120 5376 | GYRO: 2160 -162 -39 | GDP=2166.417
FLEX: 2699 2128 2210 2191 2170 | ACC: -13272 8036 5284 | GYRO: 725 972 -346 | GDP=1261.002
FLEX: 2653 2086 2224 2135 2160 | ACC: -13068 8380 4944 | GYRO: 71 -436 -111 | GDP=455.476
FLEX: 2684 2139 2199 2151 2173 | ACC: -13092 7948 5188 | GYRO: 640 1936 71 | GDP=2040.279
FLEX: 2683 2091 2187 2145 2163 | ACC: -12792 8292 4020 | GYRO: -817 1258 -193 | GDP=1512.383
FLEX: 2704 2116 2247 2192 2159 | ACC: -12632 8232 1868 | GYRO: -1290 3854 -402 | GDP=4083.996
FLEX: 2672 2094 2190 2144 2159 | ACC: -13252 7948 1160 | GYRO: -4579 9602 466 | GDP=10648.136
FLEX: 2672 2096 2222 2191 1920 | ACC: -15636 6996 6580 | GYRO: -6833 -401 -651 | GDP=6875.645
FLEX: 2640 2117 2192 2147 2158 | ACC: -13384 6564 6480 | GYRO: -5285 286 -59 | GDP=5293.062
FLEX: 2666 2122 2192 2179 2126 | ACC: -14028 5892 7848 | GYRO: -3854 -2262 -101 | GDP=4469.917
FLEX: 2625 2114 2200 2108 2149 | ACC: -12060 6844 6524 | GYRO: -1082 1218 442 | GDP=1688.079
FLEX: 2655 2106 2222 2160 2195 | ACC: -13632 6540 7080 | GYRO: 622 391 277 | GDP=785.171
FLEX: 2625 2131 2192 2079 2141 | ACC: -13464 6932 5380 | GYRO: 1443 929 103 | GDP=1719.273
FLEX: 2665 2131 2218 2150 2129 | ACC: -13524 6908 5260 | GYRO: 1557 708 389 | GDP=1754.091
FLEX: 2624 2100 2195 2087 2122 | ACC: -13768 7396 4644 | GYRO: 1985 1299 342 | GDP=2396.787
FLEX: 2659 2140 2201 2103 2155 | ACC: -13528 7436 4576 | GYRO: 1019 -213 342 | GDP=1095.762
FLEX: 2631 2122 2195 2096 2145 | ACC: -13620 7356 4868 | GYRO: 1090 923 118 | GDP=1433.162
FLEX: 2665 2150 2215 2140 2150 | ACC: -13096 7384 4296 | GYRO: 855 -441 -40 | GDP=962.863
FLEX: 2639 2117 2193 2103 2160 | ACC: -14112 7228 5136 | GYRO: 526 291 -78 | GDP=606.169
FLEX: 2686 2134 2191 2149 2160 | ACC: -13708 7040 4916 | GYRO: 785 -586 75 | GDP=982.469
FLEX: 2628 2123 2177 2086 2138 | ACC: -13752 7368 5212 | GYRO: 1581 1477 500 | GDP=2220.606
FLEX: 2656 2143 2197 2141 2167 | ACC: -13736 7408 4536 | GYRO: 1135 -516 89 | GDP=1249.961
FLEX: 2645 2102 2211 2123 2134 | ACC: -13564 7456 4428 | GYRO: 691 414 324 | GDP=868.247
FLEX: 2672 2143 2204 2159 2155 | ACC: -13584 7484 4496 | GYRO: 718 682 366 | GDP=1055.748
FLEX: 2640 2125 2192 2117 2144 | ACC: -14192 7628 5700 | GYRO: 1557 -50 241 | GDP=1576.334
FLEX: 2659 2128 2206 2134 2158 | ACC: -13680 7516 4664 | GYRO: 530 -881 746 | GDP=1270.266
FLEX: 2639 2096 2194 2034 2125 | ACC: -13668 7060 6116 | GYRO: 2578 -1880 551 | GDP=3237.914
FLEX: 2673 2128 2192 2034 2151 | ACC: -13084 7884 4452 | GYRO: 3407 288 438 | GDP=3447.091
FLEX: 2641 2119 2202 1990 2131 | ACC: -12304 8180 2796 | GYRO: 3494 -1924 52 | GDP=3989.050
FLEX: 2675 2098 2203 2026 2114 | ACC: -13320 7952 3820 | GYRO: 2757 -1559 372 | GDP=3189.030
FLEX: 2635 2102 2195 1965 2131 | ACC: -12876 8292 4400 | GYRO: 3233 -1502 131 | GDP=3567.275
FLEX: 2669 2102 2185 1995 2156 | ACC: -12800 8452 3688 | GYRO: 624 -778 -171 | GDP=1011.880
FLEX: 2624 2086 2175 1963 2135 | ACC: -13804 8116 4996 | GYRO: 393 -1206 -243 | GDP=1291.485
FLEX: 2651 2097 2194 2034 2147 | ACC: -12976 7976 4428 | GYRO: 375 352 191 | GDP=548.644
FLEX: 2621 2064 2193 1947 2126 | ACC: -13252 8236 5092 | GYRO: 928 -91 -167 | GDP=947.288
FLEX: 2653 2095 2151 1935 2162 | ACC: -13280 8024 4620 | GYRO: 101 147 -6 | GDP=178.454
FLEX: 2628 2066 2150 1952 2127 | ACC: -13240 7876 4612 | GYRO: -24 311 139 | GDP=341.494
FLEX: 2655 2070 2170 1988 2136 | ACC: -13072 8128 4584 | GYRO: 511 794 104 | GDP=949.933
FLEX: 2603 2067 2176 1943 2128 | ACC: -13600 7860 4976 | GYRO: 67 -978 -265 | GDP=1015.479
FLEX: 2659 2078 2146 2008 2096 | ACC: -13376 7996 4740 | GYRO: 89 370 151 | GDP=409.417
FLEX: 2627 2078 2178 1948 2123 | ACC: -12772 7756 4940 | GYRO: 851 -441 95 | GDP=963.175
FLEX: 2640 2083 2182 1955 2130 | ACC: -13348 8308 4948 | GYRO: 1142 165 -129 | GDP=1161.047
FLEX: 2622 2071 2167 1957 2128 | ACC: -13140 8208 4424 | GYRO: 644 -589 -86 | GDP=876.957
FLEX: 2639 2082 2174 1994 2147 | ACC: -13192 8032 4720 | GYRO: 666 -190 23 | GDP=692.954
FLEX: 2639 2067 2160 1973 2122 | ACC: -12656 8280 4416 | GYRO: 892 -266 -179 | GDP=947.872
FLEX: 2658 2083 2163 1995 2132 | ACC: -13536 8048 5196 | GYRO: 179 -494 -364 | GDP=639.197
FLEX: 2602 2082 2160 1966 2117 | ACC: -13448 7848 5148 | GYRO: 495 -557 -118 | GDP=754.452
FLEX: 2630 2090 2174 1984 2114 | ACC: -12920 7960 4972 | GYRO: 1275 608 72 | GDP=1414.381
FLEX: 2639 2079 2158 1981 2129 | ACC: -13216 8240 4756 | GYRO: 991 -215 -73 | GDP=1016.678
FLEX: 2630 2088 2167 2053 2144 | ACC: -13368 8104 4704 | GYRO: 751 -186 88 | GDP=778.679
FLEX: 2639 2101 2163 1968 2126 | ACC: -13084 8052 4488 | GYRO: 652 186 244 | GDP=720.580
FLEX: 2655 2087 2185 1993 2160 | ACC: -12976 8192 4688 | GYRO: 886 210 -38 | GDP=911.340
FLEX: 2608 2064 2160 1995 2141 | ACC: -13320 8140 4756 | GYRO: 101 -298 -120 | GDP=336.757
FLEX: 2641 2094 2191 1941 2131 | ACC: -13412 7840 5084 | GYRO: 670 -616 26 | GDP=910.512
FLEX: 2626 2080 2170 1950 2128 | ACC: -13212 8120 5064 | GYRO: 1573 825 290 | GDP=1799.737
FLEX: 2614 2076 2166 1995 2132 | ACC: -13344 8184 4868 | GYRO: 921 406 146 | GDP=1017.051
FLEX: 2630 2095 2160 1972 2127 | ACC: -13304 8320 4332 | GYRO: 629 -244 193 | GDP=701.731
FLEX: 2646 2070 2187 1969 2126 | ACC: -13012 8084 4552 | GYRO: 887 8 213 | GDP=912.251
FLEX: 2613 2096 2178 1979 2113 | ACC: -12756 8236 4392 | GYRO: 294 -202 -31 | GDP=358.052
FLEX: 2641 2092 2166 1982 2146 | ACC: -13664 8112 5116 | GYRO: 25 -358 -271 | GDP=449.700
FLEX: 2623 2075 2192 1941 2128 | ACC: -13260 7900 4816 | GYRO: 376 -455 150 | GDP=609.016
FLEX: 2609 2103 2144 2017 2142 | ACC: -13280 8148 5268 | GYRO: 1553 786 304 | GDP=1766.924
FLEX: 2640 2096 2179 1983 2112 | ACC: -12944 8376 4340 | GYRO: 1031 525 121 | GDP=1163.283
FLEX: 2640 2091 2190 1985 2161 | ACC: -13620 8232 4692 | GYRO: 588 -221 44 | GDP=629.699
FLEX: 2630 2043 2144 1963 2124 | ACC: -12660 8284 3792 | GYRO: 440 703 38 | GDP=830.213
FLEX: 2654 2111 2183 1997 2149 | ACC: -13488 8412 4896 | GYRO: 370 -767 -240 | GDP=884.754
FLEX: 2622 2047 2176 1958 2135 | ACC: -13236 8164 4564 | GYRO: -418 158 -218 | GDP=497.204
FLEX: 2658 2090 2176 1989 2122 | ACC: -13580 7828 5336 | GYRO: -55 -722 -53 | GDP=726.029
FLEX: 2623 2063 2153 1973 2144 | ACC: -13492 8048 5680 | GYRO: 906 -156 125 | GDP=927.791
FLEX: 2637 2106 2182 2001 2194 | ACC: -14100 8292 5792 | GYRO: 381 -2560 113 | GDP=2590.662
FLEX: 2619 2045 2157 1981 2132 | ACC: -16580 8260 7380 | GYRO: -3723 -25696 -930 | GDP=25980.955
FLEX: 2688 2086 2155 2019 2131 | ACC: -4700 8344 -340 | GYRO: -6872 -21226 -575 | GDP=22318.111
FLEX: 2634 2064 2157 1980 2128 | ACC: -14160 6836 13140 | GYRO: -6450 -10830 -459 | GDP=12613.567
FLEX: 2628 2093 2186 2031 2129 | ACC: -9524 6676 11368 | GYRO: -8241 -24639 -1055 | GDP=26002.066
FLEX: 2622 2043 2179 1979 2138 | ACC: -7308 5344 14032 | GYRO: -7801 -24857 -1903 | GDP=26121.783
FLEX: 2640 2086 2192 1999 2145 | ACC: -5180 5296 14936 | GYRO: -3812 -28382 -1586 | GDP=28680.736
FLEX: 2638 2080 2161 1999 2128 | ACC: -196 3788 14748 | GYRO: -2714 -8107 331 | GDP=8555.630
FLEX: 2624 2071 2173 2018 2145 | ACC: -1156 3772 17072 | GYRO: -116 -11572 -883 | GDP=11606.220
FLEX: 2625 2077 2179 1994 2131 | ACC: 160 3948 16240 | GYRO: 1116 -1365 -279 | GDP=1785.083
FLEX: 2637 2084 2187 2020 2128 | ACC: -1124 4276 17404 | GYRO: 2550 -8534 -2721 | GDP=9313.188
FLEX: 2615 2053 2178 2006 2119 | ACC: 804 4080 15888 | GYRO: 1603 -7090 -4398 | GDP=8495.888
FLEX: 2624 2077 2175 2040 2143 | ACC: 508 4464 17976 | GYRO: 2637 -17765 -9559 | GDP=20345.109
FLEX: 2609 2073 2173 2006 2138 | ACC: 5480 4700 12968 | GYRO: 744 -10206 -9160 | GDP=13733.957
FLEX: 2615 2095 2186 2019 2139 | ACC: 2640 5788 16556 | GYRO: 1414 -16648 -12470 | GDP=20848.410
FLEX: 2631 2080 2159 2011 2130 | ACC: 5936 5588 13356 | GYRO: -702 -10136 -10955 | GDP=14941.329
FLEX: 2659 2060 2182 2017 2145 | ACC: 3352 5260 15788 | GYRO: -1924 -6606 -10101 | GDP=12221.752
FLEX: 2625 2082 2172 2014 2159 | ACC: 5400 6048 13492 | GYRO: -2711 -7181 -8388 | GDP=11369.909
FLEX: 2666 2083 2182 2025 2145 | ACC: 4268 4832 14572 | GYRO: -2190 -1371 -4938 | GDP=5573.113
FLEX: 2640 2045 2177 1974 2132 | ACC: 4448 4940 15648 | GYRO: -1893 -1728 -4229 | GDP=4945.086
FLEX: 2672 2064 2186 2023 2148 | ACC: 4656 5592 15232 | GYRO: -2970 -2790 -5403 | GDP=6767.378
FLEX: 2622 2086 2160 1991 2156 | ACC: 5104 5236 14856 | GYRO: -2433 2749 -4110 | GDP=5510.771
FLEX: 2672 2085 2175 2000 2161 | ACC: 4284 4688 15252 | GYRO: -2915 -428 -3814 | GDP=4819.440
FLEX: 2635 2058 2150 2011 2142 | ACC: 4440 3984 14764 | GYRO: -2170 4123 -1429 | GDP=4873.404
FLEX: 2692 2069 2172 2026 2151 | ACC: 3316 3892 16620 | GYRO: -1320 1467 -2093 | GDP=2876.654
FLEX: 2671 2032 2160 1994 2128 | ACC: 2556 4200 16704 | GYRO: 997 3668 -229 | GDP=3807.975
FLEX: 2703 2096 2186 1985 2160 | ACC: 2900 4152 15896 | GYRO: 1306 180 -871 | GDP=1580.088
FLEX: 2694 2079 2188 1969 2145 | ACC: 3396 4408 15088 | GYRO: 670 1151 106 | GDP=1336.015
FLEX: 2714 2067 2173 2000 2165 | ACC: 3344 4168 17332 | GYRO: 577 -1396 -1055 | GDP=1842.490
FLEX: 2706 2069 2157 1969 2146 | ACC: 4348 3716 16536 | GYRO: 1672 -348 -2983 | GDP=3437.292
FLEX: 2686 2096 2141 1999 2162 | ACC: 5356 4424 15408 | GYRO: 3042 -3470 -7137 | GDP=8498.907
FLEX: 2714 2070 2195 1980 2124 | ACC: 5904 4664 14060 | GYRO: 655 415 -11037 | GDP=11064.204
FLEX: 2733 2094 2183 2029 2160 | ACC: 4944 6404 11856 | GYRO: -4745 4346 -9907 | GDP=11813.188
FLEX: 2678 2101 2179 1996 2167 | ACC: -1416 3424 18736 | GYRO: -2787 3859 -6062 | GDP=7707.600
FLEX: 2733 2091 2192 1955 2159 | ACC: 1228 5212 15168 | GYRO: -596 2681 -2054 | GDP=3429.562
FLEX: 2714 2084 2178 1991 2158 | ACC: -2528 2928 18548 | GYRO: -702 777 -474 | GDP=1149.439
FLEX: 2677 2084 2173 2015 2133 | ACC: 1200 4220 16176 | GYRO: 1188 708 333 | GDP=1422.497
FLEX: 2675 2085 2177 1999 2150 | ACC: 1916 4320 16796 | GYRO: 1395 -1036 -633 | GDP=1849.327
FLEX: 2656 2075 2180 2010 2160 | ACC: 3664 -144 20920 | GYRO: 1079 -467 -2522 | GDP=2782.591
FLEX: 2685 2065 2173 2002 2153 | ACC: 1160 7540 20100 | GYRO: 8013 -7177 -1898 | GDP=10923.365
FLEX: 2685 2082 2192 1988 2149 | ACC: 9184 7200 16556 | GYRO: 5584 -12497 2957 | GDP=14003.568
FLEX: 2672 2064 2187 1996 2143 | ACC: 10924 5024 15392 | GYRO: 6567 -8272 -3907 | GDP=11261.267
FLEX: 2714 2081 2189 2011 2148 | ACC: 5256 4920 12820 | GYRO: 7975 -6070 -7039 | GDP=12247.165
FLEX: 2672 2066 2192 1976 2156 | ACC: 3652 6912 10544 | GYRO: 7795 -6718 -9483 | GDP=13993.601
FLEX: 2683 2074 2175 2000 2141 | ACC: 2516 8708 10016 | GYRO: 3396 -6129 -8235 | GDP=10812.617
FLEX: 2677 2064 2157 1994 2156 | ACC: 3032 8820 11756 | GYRO: -3103 -4033 -7015 | GDP=8666.252
FLEX: 2684 2069 2192 1979 2160 | ACC: 1512 7132 15176 | GYRO: -2150 -4822 -6042 | GDP=8023.711
FLEX: 2704 2041 2167 1999 2162 | ACC: 1340 7716 15760 | GYRO: -133 -4423 -3197 | GDP=5459.068
FLEX: 2671 2046 2182 1991 2159 | ACC: 2232 8396 15808 | GYRO: 1133 -3953 -2261 | GDP=4692.763
FLEX: 2668 2064 2161 1983 2155 | ACC: 2060 9288 16216 | GYRO: 3041 -2333 -910 | GDP=3939.374
FLEX: 2688 2070 2177 2000 2178 | ACC: 3148 9748 15692 | GYRO: 4307 -1030 -425 | GDP=4448.794
FLEX: 2697 2032 2188 2013 2128 | ACC: 3540 9788 15964 | GYRO: 6574 -869 -176 | GDP=6633.522
FLEX: 2646 2068 2187 1987 2161 | ACC: 4888 10524 14124 | GYRO: 6882 85 707 | GDP=6918.742
FLEX: 2687 2062 2170 1974 2160 | ACC: 4764 10592 13376 | GYRO: 8506 2012 1038 | GDP=8802.137
FLEX: 2662 2057 2192 2000 2160 | ACC: 3264 9952 13348 | GYRO: 10212 2152 1370 | GDP=10525.822
FLEX: 2688 2061 2182 2027 2147 | ACC: 3512 10072 10696 | GYRO: 11498 1787 3356 | GDP=12110.331
FLEX: 2697 2067 2186 2011 2154 | ACC: 4292 11408 8172 | GYRO: 11077 1718 3683 | GDP=11798.981
FLEX: 2690 2092 2197 1974 2158 | ACC: 6076 13296 4364 | GYRO: 8245 1623 4562 | GDP=9561.694
FLEX: 2694 2064 2180 2029 2153 | ACC: 6820 14504 2596 | GYRO: 3319 -179 3724 | GDP=4991.591
FLEX: 2704 2061 2177 2007 2137 | ACC: 8504 12464 4760 | GYRO: -1703 741 3476 | GDP=3941.049
FLEX: 2679 2074 2187 2006 2165 | ACC: 8180 9880 10652 | GYRO: -627 105 1554 | GDP=1679.009
FLEX: 2677 2067 2176 2010 2144 | ACC: 6140 9868 11276 | GYRO: 3280 872 1539 | GDP=3726.567
FLEX: 2677 2057 2176 2007 2150 | ACC: 5920 11880 8908 | GYRO: 5138 1513 2092 | GDP=5750.189
FLEX: 2697 2063 2181 2011 2151 | ACC: 5656 12720 7448 | GYRO: 3772 2576 2389 | GDP=5154.714
FLEX: 2673 2061 2180 2035 2146 | ACC: 6352 12436 7064 | GYRO: 3179 2733 2896 | GDP=5095.306
FLEX: 2697 2035 2183 2021 2170 | ACC: 5252 12776 7048 | GYRO: 2679 2866 3025 | GDP=4953.950
FLEX: 2654 2055 2186 2012 2148 | ACC: 6932 12084 6112 | GYRO: 2208 2808 3251 | GDP=4830.023
FLEX: 2683 2106 2175 2000 2133 | ACC: 6284 12056 7248 | GYRO: 852 4021 3691 | GDP=5524.294
FLEX: 2688 2080 2191 1995 2158 | ACC: 4596 12408 6204 | GYRO: 1480 3005 4360 | GDP=5498.184
FLEX: 2697 2083 2185 2003 2149 | ACC: 5104 10844 6188 | GYRO: -1255 3022 5390 | GDP=6305.522
FLEX: 2679 2059 2166 1987 2158 | ACC: 6404 10928 8536 | GYRO: -2626 3992 6873 | GDP=8370.787
FLEX: 2700 2066 2181 2000 2119 | ACC: 7984 10084 12304 | GYRO: -2052 2323 8656 | GDP=9194.203
FLEX: 2673 2058 2190 2002 2160 | ACC: 11320 9568 13112 | GYRO: 2383 4448 6864 | GDP=8519.266
FLEX: 2672 2066 2171 2012 2166 | ACC: 12652 11104 10456 | GYRO: 4039 3448 6140 | GDP=8117.994
FLEX: 2682 2067 2178 2010 2150 | ACC: 13628 10904 8268 | GYRO: 3556 3491 3660 | GDP=6182.865
FLEX: 2674 2067 2160 1999 2142 | ACC: 11304 11192 8092 | GYRO: 1363 3604 2202 | GDP=4437.949
FLEX: 2672 2055 2198 1989 2170 | ACC: 10712 9316 9568 | GYRO: 660 5057 1262 | GDP=5253.712
FLEX: 2688 2032 2160 1967 2148 | ACC: 12556 7816 9252 | GYRO: 1201 12919 1267 | GDP=13036.420
FLEX: 2703 2071 2186 2012 2171 | ACC: 5860 9024 9504 | GYRO: 2439 31728 -2160 | GDP=31894.832
FLEX: 2707 2097 2163 2010 2165 | ACC: 2284 9984 3996 | GYRO: -6240 32767 3248 | GDP=33513.629
FLEX: 2725 2085 2190 2030 2140 | ACC: -4704 10592 9168 | GYRO: -16727 32767 4433 | GDP=37055.637
FLEX: 2718 2090 2161 2027 2164 | ACC: -5560 5740 17072 | GYRO: -15753 22751 6216 | GDP=28362.010
FLEX: 2721 2079 2179 2033 2171 | ACC: -2092 6596 19516 | GYRO: -7815 3118 5359 | GDP=9975.722
FLEX: 2768 2067 2192 2007 2139 | ACC: -340 5176 19108 | GYRO: -3132 10313 3270 | GDP=11263.228
FLEX: 2710 2079 2186 1991 2162 | ACC: -3660 3968 22048 | GYRO: 2780 5727 1330 | GDP=6503.524
FLEX: 2731 2080 2192 2013 2153 | ACC: -1100 4640 16496 | GYRO: 6869 5909 -1345 | GDP=9160.156
FLEX: 2748 2083 2190 2007 2146 | ACC: -1656 5168 13624 | GYRO: 6168 6102 -3785 | GDP=9465.983
FLEX: 2754 2091 2166 2045 2146 | ACC: -4212 5428 13932 | GYRO: 6117 3316 -6590 | GDP=9583.405
FLEX: 2760 2128 2188 2014 2151 | ACC: -2048 7528 9228 | GYRO: 3978 4739 -8495 | GDP=10509.407
FLEX: 2731 2107 2167 2039 2154 | ACC: -7556 6980 10744 | GYRO: 4692 13670 -8539 | GDP=16786.848
FLEX: 2715 2128 2188 2029 2160 | ACC: -15136 9128 6772 | GYRO: 5110 20518 -4086 | GDP=21535.920
FLEX: 2736 2130 2160 1987 2130 | ACC: -20376 9424 3008 | GYRO: -4860 26899 5440 | GDP=27870.584
FLEX: 2695 2144 2196 2007 2158 | ACC: -19752 9896 1804 | GYRO: -12649 19423 12982 | GDP=26566.566
FLEX: 2672 2141 2171 2019 2143 | ACC: -15964 6804 5828 | GYRO: -13716 16260 12933 | GDP=24895.355
FLEX: 2711 2171 2165 1998 2134 | ACC: -11560 7036 6308 | GYRO: -13233 5225 10710 | GDP=17807.779
FLEX: 2727 2143 2182 2019 2158 | ACC: -9420 6280 9220 | GYRO: -10710 4770 6413 | GDP=13363.517
FLEX: 2720 2137 2187 1979 2114 | ACC: -9464 6332 10024 | GYRO: -8085 4820 4653 | GDP=10500.002
FLEX: 2724 2115 2179 2018 2128 | ACC: -9224 5432 10968 | GYRO: -5866 -965 1376 | GDP=6102.013
FLEX: 2700 2173 2165 1995 2135 | ACC: -10644 4664 9488 | GYRO: -3756 3047 -593 | GDP=4872.719
FLEX: 2695 2141 2176 2002 2157 | ACC: -14656 3708 9956 | GYRO: -148 -2451 -3815 | GDP=4536.908
FLEX: 2674 2134 2187 2023 2137 | ACC: -15348 4432 12468 | GYRO: -1417 1100 -1633 | GDP=2425.815
FLEX: 2721 2155 2174 2023 2133 | ACC: -17028 7120 14652 | GYRO: 3821 -299 854 | GDP=3926.673
FLEX: 2689 2139 2176 1993 2142 | ACC: -12968 7628 13604 | GYRO: 9896 -3620 3848 | GDP=11217.946
FLEX: 2733 2133 2165 2019 2137 | ACC: -9520 7652 8096 | GYRO: 15241 -877 2039 | GDP=15401.777
FLEX: 2695 2131 2185 2019 2148 | ACC: -9204 7708 4352 | GYRO: 13491 2551 2454 | GDP=13947.645
FLEX: 2719 2122 2194 2032 2123 | ACC: -9192 8968 2308 | GYRO: 11471 -229 -345 | GDP=11478.472
FLEX: 2674 2122 2193 1987 2146 | ACC: -12428 10984 704 | GYRO: 8185 4154 -94 | GDP=9179.259
FLEX: 2706 2135 2177 2007 2140 | ACC: -14564 10948 2532 | GYRO: 4302 -433 478 | GDP=4350.078
FLEX: 2731 2128 2195 2009 2166 | ACC: -12920 10976 2652 | GYRO: 4592 3160 1789 | GDP=5854.279
FLEX: 2768 2170 2154 2000 2128 | ACC: -12312 11232 388 | GYRO: 3881 3958 3149 | GDP=6375.274
FLEX: 2692 2103 2196 2016 2134 | ACC: -14200 12112 28 | GYRO: 1682 7221 4937 | GDP=8907.634
FLEX: 2671 2112 2190 2000 2121 | ACC: -13152 11520 -76 | GYRO: -3626 3480 7683 | GDP=9180.782
FLEX: 2640 2137 2177 1994 2109 | ACC: -9464 11576 628 | GYRO: -2878 6847 7550 | GDP=10590.883
FLEX: 2646 2094 2176 1985 2134 | ACC: -8560 12592 2508 | GYRO: -4433 4847 4910 | GDP=8200.792
FLEX: 2661 2125 2161 1997 2131 | ACC: -8228 12276 2372 | GYRO: -5182 5521 3089 | GDP=8177.804
FLEX: 2640 2096 2171 2023 2155 | ACC: -8028 11868 4892 | GYRO: -3278 -176 370 | GDP=3303.507
FLEX: 2741 2151 2224 1995 2149 | ACC: -9232 11472 6768 | GYRO: -1251 520 -1147 | GDP=1775.108
FLEX: 2669 2126 2175 2032 2161 | ACC: -10944 11804 5796 | GYRO: 1430 928 -1215 | GDP=2093.396
FLEX: 2594 2118 2220 1991 2149 | ACC: -10436 12356 3568 | GYRO: 4243 691 -366 | GDP=4314.451
FLEX: 2658 2129 2207 2029 2169 | ACC: -10340 12932 1044 | GYRO: 2792 3624 86 | GDP=4575.591
FLEX: 2634 2108 2145 2021 2127 | ACC: -10968 12744 1608 | GYRO: 2080 3 34 | GDP=2080.280
FLEX: 2671 2125 2181 2002 2067 | ACC: -9756 12328 1532 | GYRO: 2015 840 371 | GDP=2214.377
FLEX: 2619 2121 2121 2014 2122 | ACC: -9868 12740 1288 | GYRO: 2248 -261 60 | GDP=2263.896
FLEX: 2662 2111 2185 1985 2129 | ACC: -9580 12548 1336 | GYRO: 1545 506 -426 | GDP=1680.636
FLEX: 2605 2127 2142 2000 2105 | ACC: -10360 12476 2404 | GYRO: 1004 -291 -997 | GDP=1444.544
FLEX: 2687 2117 2181 2029 2111 | ACC: -10396 12520 1788 | GYRO: 1790 431 -908 | GDP=2052.882
FLEX: 2617 2064 2158 2015 2126 | ACC: -10960 12580 936 | GYRO: 1688 -648 -826 | GDP=1987.844
FLEX: 2679 2117 2224 2043 2147 | ACC: -10440 12744 -272 | GYRO: 606 98 -459 | GDP=766.499
FLEX: 2603 2029 2217 2037 2094 | ACC: -10156 12460 364 | GYRO: -185 -695 -687 | GDP=994.595
FLEX: 2627 2121 2191 2039 2145 | ACC: -10524 12336 1528 | GYRO: -1543 -1067 -809 | GDP=2042.993
FLEX: 2605 2119 2158 1997 2145 | ACC: -10540 11888 2548 | GYRO: -1080 -1422 -1269 | GDP=2190.627
FLEX: 2691 2110 2209 1979 2145 | ACC: -10368 12032 2532 | GYRO: -810 -1459 -1135 | GDP=2018.169
FLEX: 2654 2091 2154 2001 2129 | ACC: -11284 11792 3156 | GYRO: -235 -119 -1108 | GDP=1138.881
FLEX: 2640 2141 2160 2055 2147 | ACC: -10700 11988 2212 | GYRO: -189 -909 -841 | GDP=1252.710
FLEX: 2602 2073 2209 2035 2096 | ACC: -11424 11920 2824 | GYRO: 263 -301 -357 | GDP=535.928
FLEX: 2691 2111 2182 2063 2134 | ACC: -11044 11760 2868 | GYRO: 130 -717 -285 | GDP=782.441
FLEX: 2559 2061 2139 1951 2119 | ACC: -10512 11568 2500 | GYRO: 238 -423 -324 | GDP=583.566
FLEX: 2656 2094 2233 2040 2129 | ACC: -11244 11696 2840 | GYRO: -13 -461 -215 | GDP=508.837
FLEX: 2620 2112 2141 2029 2145 | ACC: -10784 11556 2976 | GYRO: 674 -167 -64 | GDP=697.324
FLEX: 2671 2123 2207 2001 2128 | ACC: -10804 11632 2936 | GYRO: 953 -237 -168 | GDP=996.294
FLEX: 2643 2083 2174 2021 2128 | ACC: -10928 11760 2680 | GYRO: 621 -220 -262 | GDP=709.003
FLEX: 2671 2107 2153 2069 2119 | ACC: -10840 11676 2608 | GYRO: 574 157 -261 | GDP=649.805
FLEX: 2641 2114 2171 2009 2128 | ACC: -11112 11868 2716 | GYRO: 562 55 -204 | GDP=600.404
