# sentence_label=How are you?
# timestamp=1763200798.6926637
# duration_sec=4.0
# sample_rate_hz=20
# total_samples=79
# format: FLEX: f1 f2 f3 f4 f5 | ACC: ax ay az | GYRO: gx gy gz | GDP=val
#
FLEX: 2559 2141 2289 2380 2225 | ACC: -144 6768 16452 | GYRO: 7456 899 -6425 | GDP=9883.357
FLEX: 2559 2155 2290 2362 2240 | ACC: 1136 8292 15980 | GYRO: 3420 54 -5530 | GDP=6502.324
FLEX: 2559 2157 2301 2362 2245 | ACC: 15816.266
FLEX: 2518 2606 2544 2483 2503 | ACC: -6488 7284 13036 | GYRO: 1290 631 -764 | GDP=1626.640
FLEX: 2508 2629 2524 2497 2525 | ACC: -6200 6952 13588 | GYRO: 2701 745 -2867 | GDP=4008.755
FLEX: 2508 2648 2603 2512 2538 | ACC: -7032 7624 12992 | GYRO: 1609 3364 -3085 | GDP=4839.690
FLEX: 2519 2688 2659 2559 2596 | ACC: -7620 7188 13812 | GYRO: 5862 1518 -3517 | GDP=7002.618
FLEX: 2496 2729 2669 2613 2636 | ACC: -9076 8700 13564 | GYRO: 7440 4033 -3823 | GDP=9286.228
FLEX: 2501 2800 2719 2712 2722 | ACC: -10616 7952 14924 | GYRO: 11693 1344 -3065 | GDP=12162.517
FLEX: 2486 2799 2753 2697 2752 | ACC: -12556 9068 14156 | GYRO: 14122 -7824 -606 | GDP=16155.899
FLEX: 2479 2768 2799 2736 2774 | ACC: -11864 9456 8640 | GYRO: 15347 -11469 532 | GDP=19166.414
FLEX: 2453 2720 2800 2696 2733 | ACC: -15764 9760 11804 | GYRO: 5948 -11140 9800 | GDP=15984.939
FLEX: 2415 2755 2788 2746 2740 | ACC: -10284 10964 5972 | GYRO: 7359 -16594 16715 | GDP=24676.039
FLEX: 2438 2743 2778 2703 2735 | ACC: -6676 10452 7916 | GYRO: 5843 -13049 20292 | GDP=24823.020
FLEX: 2417 2756 2813 2736 2707 | ACC: -1956 10664 6784 | GYRO: 3349 -13920 22451 | GDP=26627.609
FLEX: 2402 2715 2798 2719 2747 | ACC: 4816 8776 6764 | GYRO: 2509 -2841 17751 | GDP=18151.152
FLEX: 2421 2720 2806 2722 2752 | ACC: 4484 9752 9288 | GYRO: 1087 -1833 16464 | GDP=16601.348
FLEX: 2413 2733 2783 2706 2715 | ACC: 11032 7400 6076 | GYRO: 1594 5848 11675 | GDP=13154.679
FLEX: 2413 2730 2763 2725 2736 | ACC: 5152 9780 11364 | GYRO: -645 6902 8805 | GDP=11206.322
FLEX: 2399 2722 2794 2698 2726 | ACC: 8944 7832 7584 | GYRO: -291 9249 5794 | GDP=10917.835
FLEX: 2405 2711 2773 2721 2707 | ACC: 600 11748 16648 | GYRO: -761 11214 6521 | GDP=12994.474
FLEX: 2432 2691 2763 2694 2727 | ACC: 19852 6488 8756 | GYRO: 1283 7510 2798 | GDP=8116.341
FLEX: 2451 2704 2772 2704 2732 | ACC: 7712 11348 17652 | GYRO: -3078 4725 -6769 | GDP=8810.169
FLEX: 2441 2666 2763 2717 2695 | ACC: 912 13136 14028 | GYRO: 1273 -315 -3741 | GDP=3964.194
FLEX: 2435 2688 2768 2689 2707 | ACC: 4920 11536 10480 | GYRO: 1910 -893 -550 | GDP=2179.002
FLEX: 2427 2688 2767 2680 2717 | ACC: 4756 10904 9996 | GYRO: 382 498 -1312 | GDP=1454.397
FLEX: 2401 2711 2751 2691 2719 | ACC: 4244 10936 12872 | GYRO: -112 -766 -440 | GDP=890.449
FLEX: 2409 2698 2753 2688 2716 | ACC: 3640 11284 13828 | GYRO: 1907 -1308 -944 | GDP=2497.729
FLEX: 2407 2698 2766 2693 2698 | ACC: 4528 11656 12892 | GYRO: 2782 -3208 -991 | GDP=4360.375
FLEX: 2395 2691 2742 2687 2688 | ACC: 3752 12068 11832 | GYRO: 4346 -1093 -2102 | GDP=4949.825
FLEX: 2415 2695 2740 2689 2704 | ACC: 4368 12600 11772 | GYRO: 3814 -4679 -666 | GDP=6073.153
FLEX: 2399 2686 2755 2703 2717 | ACC: 6608 12856 12836 | GYRO: 5343 -3767 -2177 | GDP=6890.375
FLEX: 2395 2675 2769 2676 2700 | ACC: 5532 14100 12920 | GYRO: 7459 -6927 -3388 | GDP=10728.399
FLEX: 2395 2688 2747 2691 2679 | ACC: 5732 12872 10120 | GYRO: 10421 -3215 -5159 | GDP=12064.358
FLEX: 2411 2699 2755 2674 2683 | ACC: 5928 12092 5784 | GYRO: 11077 667 -9168 | GDP=14394.341
FLEX: 2397 2687 2736 2673 2702 | ACC: 7820 10632 1576 | GYRO: 7944 1161 -13841 | GDP=16000.886
FLEX: 2380 2703 2830 2651 2646 | ACC: 4640 10592 1372 | GYRO: 3440 9331 -19971 | GDP=22310.133
FLEX: 2430 2758 2761 2666 2713 | ACC: 1348 8948 3268 | GYRO: 1916 7589 -25955 | GDP=27109.520
FLEX: 2397 2715 2736 2655 2672 | ACC: -3660 10732 7032 | GYRO: -1257 6419 -27377 | GDP=28147.535
FLEX: 2379 2653 2746 2629 2595 | ACC: 2284 6936 1080 | GYRO: 260 -12854 -32768 | GDP=35199.926
FLEX: 2423 2681 2723 2730 2747 | ACC: -8844 -112 6140 | GYRO: -6477 20091 -32768 | GDP=38978.730
FLEX: 2427 2710 2765 2663 2670 | ACC: -32768 4100 13964 | GYRO: 1351 10849 -26487 | GDP=28654.619
FLEX: 2435 2714 2757 2675 2681 | ACC: -24960 3780 6664 | GYRO: 4827 -6195 -3353 | GDP=8539.354
FLEX: 2369 2736 2721 2705 2684 | ACC: -17752 7740 5196 | GYRO: 2098 -2400 753 | GDP=3275.456
FLEX: 2403 2644 2759 2622 2666 | ACC: -13616 5580 5620 | GYRO: 3321 -6849 3480 | GDP=8369.482
FLEX: 2431 2640 2767 2688 2681 | ACC: -13060 6316 5444 | GYRO: 58 722 359 | GDP=808.411
FLEX: 2417 2658 2710 2640 2720 | ACC: -15316 6396 7444 | GYRO: 1233 -244 1981 | GDP=2346.100
FLEX: 2421 2675 2750 2675 2687 | ACC: -14984 6988 5304 | GYRO: 1772 1697 2830 | GDP=3745.490
FLEX: 2434 2675 2727 2638 2629 | ACC: -17672 6888 7736 | GYRO: 2805 2029 5135 | GDP=6192.987
FLEX: 2443 2687 2736 2653 2640 | ACC: -16516 7716 6080 | GYRO: 3655 2259 8760 | GDP=9757.033
FLEX: 2457 2666 2730 2656 2651 | ACC: -15864 8372 7244 | GYRO: 4214 2608 11847 | GDP=12841.763
FLEX: 2454 2660 2711 2653 2670 | ACC: -13636 11616 4768 | GYRO: 5674 2320 15077 | GDP=16275.521
FLEX: 2481 2646 2718 2651 2654 | ACC: -10948 9460 6352 | GYRO: 5793 2856 16108 | GDP=17354.631
FLEX: 2478 2655 2718 2606 2670 | ACC: -8388 12136 2956 | GYRO: 5227 -1524 19306 | GDP=20059.057
FLEX: 2497 2646 2727 2653 2656 | ACC: -5272 12772 1052 | GYRO: 6406 1814 15338 | GDP=16720.695
FLEX: 2491 2639 2715 2666 2626 | ACC: -3952 12596 2860 | GYRO: -1710 619 17704 | GDP=17797.160
FLEX: 2507 2635 2727 2637 2625 | ACC: -872 12256 1508 | GYRO: 4682 164 10622 | GDP=11609.260
FLEX: 2501 2629 2735 2643 2640 | ACC: -2968 16612 1180 | GYRO: 1237 -3282 11205 | GDP=11741.112
FLEX: 2480 2466 2726 2614 2606 | ACC: 3100 15028 -2916 | GYRO: -646 -8838 5543 | GDP=10452.388
FLEX: 2514 2357 2691 2640 2671 | ACC: 3636 13344 -448 | GYRO: -1982 1090 -3910 | GDP=4517.137
FLEX: 2545 2192 2688 2622 2608 | ACC: 1496 16464 376 | GYRO: -660 -2595 -9059 | GDP=9446.434
FLEX: 2629 2144 2687 2626 2633 | ACC: -272 14904 1712 | GYRO: -4420 -453 -9488 | GDP=10476.819
FLEX: 2672 2103 2669 2605 2614 | ACC: -1264 14808 2580 | GYRO: -5990 -3992 -17856 | GDP=19252.348
FLEX: 2772 0 2662 2559 2618 | ACC: -2116 11044 4900 | GYRO: -10017 -5311 -27562 | GDP=29802.867
FLEX: 2819 0 2602 2496 2559 | ACC: -4116 8592 3744 | GYRO: -11522 -7772 -32768 | GDP=35593.570
FLEX: 2869 0 2593 2496 2559 | ACC: -31344 -956 11872 | GYRO: -12779 26254 -31170 | GDP=42710.000
FLEX: 2832 0 2585 2491 2559 | ACC: -26128 700 12628 | GYRO: 6267 -11180 1336 | GDP=12886.140
FLEX: 2865 0 2559 2491 2559 | ACC: -11564 6404 4004 | GYRO: 2148 2833 854 | GDP=3656.379
FLEX: 2850 0 2555 2505 2551 | ACC: -12880 8464 5712 | GYRO: 3521 -326 1769 | GDP=3953.869
FLEX: 2858 0 2555 2474 2559 | ACC: -10760 7492 3868 | GYRO: 824 742 -743 | GDP=1334.762
FLEX: 2838 0 2529 2465 2546 | ACC: -13964 6348 7384 | GYRO: -454 503 581 | GDP=892.573
FLEX: 2857 0 2535 2481 2559 | ACC: -12340 7568 5784 | GYRO: 1910 -1121 593 | GDP=2292.682
FLEX: 2834 0 2537 2443 2551 | ACC: -13144 6764 6628 | GYRO: 262 1403 -385 | GDP=1478.269
FLEX: 2832 0 2539 2459 2559 | ACC: -12916 7576 5216 | GYRO: 934 -553 17 | GDP=1085.566
FLEX: 2833 0 2544 2449 2559 | ACC: -14020 7304 6748 | GYRO: 311 411 -112 | GDP=527.433
FLEX: 2841 0 2530 2471 2556 | ACC: -13292 7408 6196 | GYRO: 1058 -195 229 | GDP=1099.923
FLEX: 2825 0 2544 2447 2544 | ACC: -13628 7440 6368 | GYRO: 819 129 475 | GDP=955.524
FLEX: 2814 0 2513 2451 2559 | ACC: -12380 6776 5892 | GYRO: 922 -245 -11 | GDP=954.060
FLEX: 2811 0 2524 2451 2537 | ACC: -13524 7576 6144 | GYRO: 785 122 -12 | GDP=794.514
