# sentence_label=How are you?
# timestamp=1763200600.031431
# duration_sec=4.0
# sample_rate_hz=20
# total_samples=80
# format: FLEX: f1 f2 f3 f4 f5 | ACC: ax ay az | GYRO: gx gy gz | GDP=val
#
FLEX: 2466 2314 2448 2446 2370 | ACC: 6688 8312 8620 | GYRO: 4992 9179 -7142 | GDP=12656.313
FLEX: 2466 2367 2445 2479 2411 | ACC: 404 9964 13964 | GYRO: 2492 10044 -4713 | GDP=11371.208
FLEX: 2474 2356 2466 2470 2394 | AC13072 | GYRO: 1806 971 -148 | GDP=2055.816
FLEX: 2447 2640 2736 2553 2666 | ACC: -12960 10732 12972 | GYRO: 11092 -7643 14162 | GDP=19545.080
FLEX: 2467 2654 2767 2631 2605 | ACC: -9564 9056 11516 | GYRO: 10575 -11889 21743 | GDP=26943.219
FLEX: 2465 2625 2763 2597 2631 | ACC: -3892 10916 6996 | GYRO: 10762 -9145 23543 | GDP=27454.045
FLEX: 2449 2691 2731 2547 2598 | ACC: 1972 8200 7128 | GYRO: 10817 -6625 23840 | GDP=27004.514
FLEX: 2397 2681 2789 2608 2608 | ACC: 3336 11604 4832 | GYRO: 9049 5444 18840 | GDP=21597.850
FLEX: 2384 2650 2775 2559 2629 | ACC: 7960 9476 4040 | GYRO: 5601 3726 19203 | GDP=20347.223
FLEX: 2393 2659 2796 2514 2640 | ACC: 9764 9992 4796 | GYRO: 2207 8547 14731 | GDP=17173.363
FLEX: 2368 2663 2767 2559 2634 | ACC: 10152 10316 7532 | GYRO: 2586 10522 11781 | GDP=16005.994
FLEX: 2366 2647 2757 2582 2643 | ACC: 12496 8844 7948 | GYRO: 2603 10236 8650 | GDP=13651.879
FLEX: 2364 2615 2747 2549 2640 | ACC: 11932 11380 7028 | GYRO: 2707 8423 5227 | GDP=10276.006
FLEX: 2445 2647 2786 2545 2662 | ACC: 27436 7788 2892 | GYRO: -2498 -3441 727 | GDP=4313.816
FLEX: 2452 2636 2753 2559 2668 | ACC: 4136 15048 13296 | GYRO: -482 -541 -4139 | GDP=4201.943
FLEX: 2469 2655 2753 2559 2635 | ACC: 8456 12580 5716 | GYRO: 1656 -4504 479 | GDP=4822.633
FLEX: 2464 2615 2787 2537 2659 | ACC: 11916 9936 5084 | GYRO: 484 71 -1698 | GDP=1767.060
FLEX: 2425 2649 2762 2590 2661 | ACC: 8460 13168 10280 | GYRO: 1248 -1105 -2600 | GDP=3088.451
FLEX: 2400 2608 2749 2535 2618 | ACC: 16424 12996 8720 | GYRO: 3472 -6588 -4515 | GDP=8708.717
FLEX: 2411 2634 2757 2541 2603 | ACC: 10652 13600 11460 | GYRO: 8797 -4473 -10067 | GDP=14097.497
FLEX: 2393 2640 2763 2530 2608 | ACC: 7092 13576 7296 | GYRO: 12174 -8979 -11302 | GDP=18882.900
FLEX: 2387 2629 2741 2559 2595 | ACC: 6536 12052 3188 | GYRO: 13649 -2141 -12427 | GDP=18582.502
FLEX: 2398 2559 2725 2515 2595 | ACC: 3640 14384 -164 | GYRO: 11914 -6094 -14677 | GDP=19861.887
FLEX: 2430 2557 2737 2537 2596 | ACC: 4040 12780 -8 | GYRO: 8675 -280 -12730 | GDP=15407.366
FLEX: 2402 2522 2705 2509 2559 | ACC: 2620 14596 -1888 | GYRO: 3732 -514 -16137 | GDP=16570.902
FLEX: 2407 2536 2745 2523 2589 | ACC: 1568 12004 -1356 | GYRO: -3986 10509 -15850 | GDP=19430.641
FLEX: 2411 2448 2694 2546 2583 | ACC: -4864 14244 3000 | GYRO: -2194 5191 -13887 | GDP=14986.957
FLEX: 2416 2388 2721 2529 2593 | ACC: -2712 14260 124 | GYRO: -5558 5323 -8157 | GDP=11214.381
FLEX: 2419 2381 2684 2514 2559 | ACC: -3908 12464 4552 | GYRO: -341 -5459 -10274 | GDP=11639.245
FLEX: 2413 0 2695 2541 2559 | ACC: -3412 15080 2376 | GYRO: -10644 -3202 -11255 | GDP=15818.425
FLEX: 2413 2441 2697 2499 2559 | ACC: -8352 14400 9624 | GYRO: -2459 -2300 -8092 | GDP=8764.539
FLEX: 2431 2518 2742 2495 2559 | ACC: -4008 13736 3472 | GYRO: 1047 -5325 -8765 | GDP=10309.076
FLEX: 2384 2558 2735 2417 2475 | ACC: -1116 17112 -4488 | GYRO: -11280 -8805 -20024 | GDP=24611.521
FLEX: 2395 2643 2860 2512 2551 | ACC: -1604 10928 2920 | GYRO: -20773 1430 -29734 | GDP=36299.770
FLEX: 2403 2585 2671 2464 2544 | ACC: -10976 8992 6796 | GYRO: -19240 7846 -28736 | GDP=35461.176
FLEX: 2384 2611 2650 2483 2595 | ACC: -20424 -6284 13392 | GYRO: -18763 17426 -20489 | GDP=32795.043
FLEX: 2381 2619 2646 2463 2514 | ACC: -22036 1800 10600 | GYRO: 5484 -10857 -2440 | GDP=12405.736
FLEX: 2369 2559 2634 2463 2582 | ACC: -16156 3528 9056 | GYRO: 1836 2065 -194 | GDP=2769.974
FLEX: 2384 2591 2645 2482 2544 | ACC: -16204 4252 10276 | GYRO: 2902 -449 3765 | GDP=4774.770
FLEX: 2373 2559 2624 2458 2545 | ACC: -17352 7464 5820 | GYRO: 3542 5532 8914 | GDP=11072.858
FLEX: 2401 2555 2644 2480 2559 | ACC: -18424 3168 13216 | GYRO: 3810 -2349 8730 | GDP=9810.545
FLEX: 2393 2537 2636 2466 2557 | ACC: -15592 8040 5700 | GYRO: 8885 4630 20110 | GDP=22467.582
FLEX: 2454 2559 2650 2492 2582 | ACC: -14028 7668 9964 | GYRO: 8501 3856 20264 | GDP=22310.658
FLEX: 2467 2559 2641 2511 2526 | ACC: -12468 12328 6164 | GYRO: 8646 -64 25138 | GDP=26583.387
FLEX: 2447 2589 2684 2491 2512 | ACC: -6512 9656 4440 | GYRO: 8974 -6239 23167 | GDP=25615.770
FLEX: 2448 2539 2641 2498 2523 | ACC: -4724 14200 4140 | GYRO: 6438 -1863 23769 | GDP=24695.828
FLEX: 2480 2498 2674 2503 2534 | ACC: -508 12880 3196 | GYRO: 8169 -7475 17902 | GDP=21049.697
FLEX: 2501 2399 2672 2502 2539 | ACC: 4348 14116 776 | GYRO: 7629 -6770 12048 | GDP=15785.717
FLEX: 2546 0 2663 2490 2517 | ACC: 5388 14068 -112 | GYRO: 8100 -1493 5577 | GDP=9946.958
FLEX: 2590 0 2659 2507 2534 | ACC: 4736 16096 -1048 | GYRO: 2495 -1973 822 | GDP=3285.337
FLEX: 2635 0 2635 2502 2559 | ACC: 5300 14452 -1316 | GYRO: -1285 407 -5506 | GDP=5668.590
FLEX: 2734 0 2649 2459 2550 | ACC: 1508 16180 1296 | GYRO: -4948 -953 -10446 | GDP=11597.837
FLEX: 2765 0 2633 2423 2547 | ACC: 948 13672 1916 | GYRO: -6459 716 -12193 | GDP=13816.678
FLEX: 2814 0 2607 2434 2559 | ACC: -2012 14412 3556 | GYRO: -5812 -286 -15597 | GDP=16647.148
FLEX: 2851 0 2602 2401 2547 | ACC: -752 13556 1432 | GYRO: -10204 751 -21095 | GDP=23445.355
FLEX: 2869 0 2559 2388 2533 | ACC: -4828 8756 5664 | GYRO: -15629 7523 -32768 | GDP=37075.641
FLEX: 2867 0 2559 2371 2528 | ACC: -8856 7876 1156 | GYRO: -22066 6513 -32768 | GDP=40038.348
FLEX: 2864 0 2559 2357 2523 | ACC: -30604 -3360 21672 | GYRO: -7623 9093 -18042 | GDP=21594.133
FLEX: 2881 0 2554 2352 2512 | ACC: -16408 1428 4576 | GYRO: 7173 -12626 -1123 | GDP=14564.647
FLEX: 2919 0 2539 2363 2511 | ACC: -16740 4080 8424 | GYRO: 647 1764 -434 | GDP=1928.383
FLEX: 2853 0 2545 2312 2543 | ACC: -13304 6384 6828 | GYRO: 2078 -2520 2982 | GDP=4422.760
FLEX: 2840 0 2521 2391 2494 | ACC: -12924 6896 7688 | GYRO: 359 1191 -272 | GDP=1273.321
FLEX: 2832 0 2522 2322 2514 | ACC: -12896 6168 7684 | GYRO: 913 -1716 1091 | GDP=2229.015
FLEX: 2848 0 2529 2316 2488 | ACC: -11968 6264 6788 | GYRO: 2266 -1044 -145 | GDP=2499.143
FLEX: 2874 0 2559 2411 2559 | ACC: -13056 5528 7716 | GYRO: 370 1004 -364 | GDP=1130.227
FLEX: 2845 0 2543 2335 2489 | ACC: -13600 6312 7420 | GYRO: 2304 -171 -5 | GDP=2310.342
FLEX: 2846 0 2500 2341 2512 | ACC: -13068 6464 6484 | GYRO: -155 519 414 | GDP=681.749
FLEX: 2815 0 2541 2373 2508 | ACC: -13584 6404 8000 | GYRO: 756 -341 194 | GDP=851.735
FLEX: 2837 0 2530 2352 2512 | ACC: -12804 6628 7164 | GYRO: 546 306 530 | GDP=820.154
FLEX: 2836 0 2526 2340 2512 | ACC: -12916 6120 7448 | GYRO: 479 208 -171 | GDP=549.496
FLEX: 2841 0 2530 2343 2509 | ACC: -13024 6188 7584 | GYRO: 590 -297 191 | GDP=687.597
FLEX: 2851 0 2512 2357 2502 | ACC: -13196 6340 7480 | GYRO: 607 318 -304 | GDP=749.659
FLEX: 2834 0 2512 2359 2529 | ACC: -12956 6232 7588 | GYRO: 506 -93 34 | GDP=515.598
FLEX: 2858 0 2529 2351 2498 | ACC: -13176 6196 7500 | GYRO: 736 139 113 | GDP=757.487
FLEX: 2826 0 2545 2336 2496 | ACC: -12908 6240 7264 | GYRO: 917 -34 90 | GDP=922.033
FLEX: 2852 0 2530 2363 2509 | ACC: -13056 6652 7060 | GYRO: 802 -330 94 | GDP=872.319
FLEX: 2828 0 2527 2320 2481 | ACC: -13292 5916 7728 | GYRO: 850 -160 57 | GDP=866.804
FLEX: 2832 0 2519 2343 2503 | ACC: -13184 6456 7320 | GYRO: 1224 -900 352 | GDP=1559.513
FLEX: 2814 0 2528 2313 2517 | ACC: -12788 6148 7348 | GYRO: 442 366 -24 | GDP=574.366
FLEX: 2826 0 2525 2354 2512 | ACC: -13028 6700 7308 | GYRO: 952 -502 134 | GDP=1084.557
