# sentence_label=How are you?
# timestamp=1763200485.2153697
# duration_sec=4.0
# sample_rate_hz=20
# total_samples=79
# format: FLEX: f1 f2 f3 f4 f5 | ACC: ax ay az | GYRO: gx gy gz | GDP=val
#
FLEX: 2415 2559 2537 2543 2559 | ACC: -2432 4452 -1252 | GYRO: -16113 21173 -32768 | GDP=42209.793
FLEX: 2406 2559 2545 2540 2614 | ACC: -17200 -12216 16944 | GYRO: -19363 32550 -27901 | GDP=47041.410
FLEX: 2402 2559 2549356 9308 9544 | GYRO: 1758 2170 -566 | GDP=2849.530
FLEX: 2518 2609 2608 2480 2559 | ACC: -19484 10580 8404 | GYRO: 2867 -8143 11895 | GDP=14697.591
FLEX: 2506 2603 2640 2510 2611 | ACC: -14848 9708 7508 | GYRO: 2501 -20988 20457 | GDP=29414.963
FLEX: 2473 2559 2643 2496 2613 | ACC: -6752 9868 2464 | GYRO: 3289 -16488 20394 | GDP=26430.795
FLEX: 2468 2559 2619 2521 2639 | ACC: -7688 11024 8292 | GYRO: 3552 -15155 23589 | GDP=28261.842
FLEX: 2451 2559 2646 2516 2619 | ACC: -1976 10604 5040 | GYRO: 3200 -14121 24938 | GDP=28836.549
FLEX: 2455 2559 2646 2487 2639 | ACC: 2024 10264 5672 | GYRO: 2719 -9263 23106 | GDP=25041.633
FLEX: 2426 2559 2655 2522 2638 | ACC: 5524 10584 4220 | GYRO: 3101 -3669 20227 | GDP=20789.645
FLEX: 2402 2602 2661 2538 2663 | ACC: 8060 10104 4936 | GYRO: 544 -619 15804 | GDP=15825.471
FLEX: 2398 2557 2640 2530 2624 | ACC: 8088 11272 5284 | GYRO: 40 7548 11575 | GDP=13818.630
FLEX: 2405 2599 2663 2539 2627 | ACC: 5908 11268 9332 | GYRO: -295 9596 10036 | GDP=13888.540
FLEX: 2379 2559 2640 2507 2624 | ACC: 11996 10596 7316 | GYRO: 1270 10930 7557 | GDP=13348.635
FLEX: 2498 2559 2663 2547 2610 | ACC: 32767 5928 -2184 | GYRO: -7666 5008 -6746 | GDP=11373.483
FLEX: 2458 2558 2644 2540 2627 | ACC: -1296 16224 16036 | GYRO: -444 -958 -3306 | GDP=3470.524
FLEX: 2471 2559 2646 2538 2622 | ACC: 9580 12396 9228 | GYRO: 1743 -1551 -419 | GDP=2370.488
FLEX: 2463 2550 2634 2518 2646 | ACC: 8748 11496 9480 | GYRO: 3806 -1978 -2680 | GDP=5057.719
FLEX: 2433 2545 2635 2539 2609 | ACC: 11752 13192 11252 | GYRO: 4093 -5153 -5327 | GDP=8466.580
FLEX: 2417 2548 2626 2518 2610 | ACC: 11176 14252 11020 | GYRO: 8582 -151 -11728 | GDP=14533.394
FLEX: 2430 2545 2645 2513 2624 | ACC: 2812 15432 10748 | GYRO: 11239 -7727 -13694 | GDP=19327.371
FLEX: 2397 2554 2640 2508 2605 | ACC: 2924 13496 5136 | GYRO: 14832 -1910 -12380 | GDP=19413.932
FLEX: 2416 2549 2640 2517 2559 | ACC: 736 15392 3156 | GYRO: 14050 -1681 -10889 | GDP=17854.932
FLEX: 2399 2547 2625 2522 2587 | ACC: 2084 13812 -828 | GYRO: 10127 -1281 -10011 | GDP=14297.455
FLEX: 2416 2559 2655 2512 2599 | ACC: 4700 14056 -4324 | GYRO: 3767 -1293 -13136 | GDP=13726.494
FLEX: 2415 2559 2641 2522 2559 | ACC: 1420 11156 1088 | GYRO: -354 2445 -14645 | GDP=14851.914
FLEX: 2413 2608 2621 2516 2613 | ACC: 468 11760 -12 | GYRO: -3233 1631 -14071 | GDP=14529.470
FLEX: 2414 2559 2657 2480 2559 | ACC: -1544 12932 364 | GYRO: -7729 -4996 -18119 | GDP=20322.293
FLEX: 2421 2582 2640 2555 2555 | ACC: -860 7904 3408 | GYRO: -11813 1937 -22313 | GDP=25321.312
FLEX: 2410 2591 2559 2553 2523 | ACC: -6004 17948 320 | GYRO: -21229 -17394 -32768 | GDP=42742.992
FLEX: 2405 2510 2672 2487 2528 | ACC: -6264 4320 3460 | GYRO: -32768 1780 -32768 | GDP=46375.121
FLEX: 2418 2555 2659 2483 2533 | ACC: -29112 -5796 26244 | GYRO: -12776 27417 -20973 | GDP=36807.402
FLEX: 2426 2465 2608 2504 2613 | ACC: -19028 -1928 8320 | GYRO: 8009 -8913 -3345 | GDP=12440.847
FLEX: 2402 2530 2558 2471 2623 | ACC: -19412 3588 10716 | GYRO: 1477 3966 756 | GDP=4299.095
FLEX: 2392 2585 2651 2461 2559 | ACC: -16016 3972 10920 | GYRO: 4265 1612 4214 | GDP=6208.588
FLEX: 2445 2582 2641 2535 2544 | ACC: -14644 3300 10280 | GYRO: 4353 1689 5659 | GDP=7336.594
FLEX: 2448 2496 2613 2518 2520 | ACC: -16684 5936 8452 | GYRO: 7065 4894 10770 | GDP=13778.910
FLEX: 2448 2512 2606 2534 2639 | ACC: -14568 1488 12096 | GYRO: 9464 6390 13723 | GDP=17852.734
FLEX: 2468 2531 2609 2527 2586 | ACC: -13456 8388 6388 | GYRO: 10377 2666 18023 | GDP=20967.074
FLEX: 2480 2546 2643 2513 2559 | ACC: -13164 9104 9280 | GYRO: 9759 5022 21657 | GDP=24279.297
FLEX: 2475 2512 2609 2509 2539 | ACC: -10540 12600 6752 | GYRO: 6261 -5559 21479 | GDP=23053.201
FLEX: 2484 2534 2625 2526 2556 | ACC: -5388 10044 4756 | GYRO: 11295 -4970 20784 | GDP=24171.316
FLEX: 2495 2512 2634 2480 2542 | ACC: -2996 12060 2636 | GYRO: 11195 -10539 19878 | GDP=25130.328
FLEX: 2533 2493 2658 2505 2549 | ACC: 400 15268 596 | GYRO: 12630 -2792 14617 | GDP=19518.424
FLEX: 2545 2480 2658 2501 2558 | ACC: 1656 14904 876 | GYRO: 9293 -1729 10586 | GDP=14191.994
FLEX: 2596 2432 2669 2480 2459 | ACC: 4524 14820 -1236 | GYRO: 5437 494 4793 | GDP=7264.837
FLEX: 2681 0 2678 2480 2559 | ACC: 2492 15272 -524 | GYRO: 6414 1422 5074 | GDP=8301.021
FLEX: 2736 0 2671 2480 2559 | ACC: 4488 15964 -2744 | GYRO: 2028 -2431 434 | GDP=3195.450
FLEX: 2735 0 2672 2437 2549 | ACC: 3556 15048 -1528 | GYRO: 608 2500 -4964 | GDP=5591.150
FLEX: 2786 0 2647 2457 2559 | ACC: 2108 15952 -1932 | GYRO: -5608 2023 -8792 | GDP=10622.686
FLEX: 2763 0 2623 2416 2534 | ACC: -1396 16280 1308 | GYRO: -4396 1821 -10459 | GDP=11490.498
FLEX: 2823 2128 2637 2384 2559 | ACC: 1100 15284 -1576 | GYRO: -9173 3117 -14229 | GDP=17214.066
FLEX: 2822 0 2608 2335 2505 | ACC: -4304 15480 3420 | GYRO: -14453 2065 -18973 | GDP=23940.096
FLEX: 2833 0 2672 2320 2510 | ACC: 2328 11088 480 | GYRO: -20857 4034 -28231 | GDP=35330.965
FLEX: 2848 0 2551 2276 2485 | ACC: -5624 6404 6632 | GYRO: -18231 12695 -32768 | GDP=39588.816
FLEX: 2873 0 2534 2277 2513 | ACC: -25392 -2100 7456 | GYRO: -22493 26469 -32287 | GDP=47423.551
FLEX: 2868 0 2526 2266 2459 | ACC: -29140 -5276 10060 | GYRO: 9109 -13732 -3459 | GDP=16837.646
FLEX: 2907 0 2526 2260 2455 | ACC: -13112 4988 2308 | GYRO: -1999 3170 1770 | GDP=4144.611
FLEX: 2862 0 2509 2259 2461 | ACC: -12628 6064 7668 | GYRO: 3550 -2196 1072 | GDP=4309.768
FLEX: 2870 0 2519 2263 2462 | ACC: -11968 4452 5532 | GYRO: 308 2180 -1653 | GDP=2753.121
FLEX: 2852 0 2512 2256 2467 | ACC: -14680 4716 5648 | GYRO: 2740 -1912 -704 | GDP=3414.522
FLEX: 2865 0 2515 2253 2435 | ACC: -15312 4200 5616 | GYRO: -412 1065 -505 | GDP=1248.597
FLEX: 2854 0 2503 2251 2439 | ACC: -15580 4516 5744 | GYRO: 2431 -1123 624 | GDP=2749.594
FLEX: 2847 0 2506 2254 2458 | ACC: -14592 4952 5344 | GYRO: -11 1004 402 | GDP=1081.546
FLEX: 2847 0 2502 2256 2453 | ACC: -14348 4528 6712 | GYRO: 2116 -1435 461 | GDP=2597.923
FLEX: 2843 0 2506 2259 2454 | ACC: -13604 5076 5284 | GYRO: 733 -479 451 | GDP=984.952
FLEX: 2850 0 2505 2256 2447 | ACC: -15656 4472 7320 | GYRO: 907 -832 222 | GDP=1250.663
FLEX: 2833 0 2509 2263 2456 | ACC: -14112 5084 5560 | GYRO: 1040 -999 650 | GDP=1581.803
FLEX: 2831 0 2511 2260 2437 | ACC: -14636 4916 6792 | GYRO: 1381 -2311 555 | GDP=2748.801
FLEX: 2855 0 2502 2275 2453 | ACC: -14284 5288 5936 | GYRO: 319 -170 507 | GDP=622.664
FLEX: 2829 0 2480 2274 2477 | ACC: -14192 5140 6716 | GYRO: 1802 -2257 564 | GDP=2942.677
FLEX: 2859 0 2501 2252 2445 | ACC: -13316 5308 5404 | GYRO: -308 1609 -293 | GDP=1664.210
FLEX: 2835 0 2521 2261 2468 | ACC: -14192 4988 6740 | GYRO: 1022 -1154 167 | GDP=1550.512
FLEX: 2843 0 2499 2272 2485 | ACC: -13856 5296 6484 | GYRO: 1030 -364 230 | GDP=1116.376
FLEX: 2831 0 2512 2259 2447 | ACC: -14128 5048 6520 | GYRO: 836 -403 -63 | GDP=930.201
FLEX: 2858 0 2508 2289 2450 | ACC: -14268 4752 6900 | GYRO: 971 -128 421 | GDP=1066.052
FLEX: 2846 0 2496 2242 2418 | ACC: -14028 5280 6260 | GYRO: 1069 -1113 546 | GDP=1636.962
FLEX: 2871 0 2503 2288 2471 | ACC: -13916 5180 7248 | GYRO: 574 88 99 | GDP=589.085
FLEX: 2887 0 2496 2302 2442 | ACC: -13604 5500 6608 | GYRO: 1077 -1008 304 | GDP=1506.124
