# sentence_label=Rest
# timestamp=1763201152.2903197
# duration_sec=4.0
# sample_rate_hz=20
# total_samples=79
# format: FLEX: f1 f2 f3 f4 f5 | ACC: ax ay az | GYRO: gx gy gz | GDP=val
#
FLEX: 2474 2323 2442 2432 2399 | ACC: -672 6732 15556 | GYRO: 1786 -572 1182 | GDP=2216.778
FLEX: 2518 2390 2448 2404 2448 | ACC: 48 6856 14960 | GYRO: 1736 -1116 971 | GDP=2280.788
FLEX: 2492 2419 2449 2371 2427 | ACC: -11268 | GDP=681.981
FLEX: 2495 2336 2427 2393 2400 | ACC: -16 6464 15428 | GYRO: 693 665 -330 | GDP=1015.566
FLEX: 2489 2352 2429 2411 2411 | ACC: 76 6604 15388 | GYRO: 659 -281 59 | GDP=718.834
FLEX: 2497 2341 2475 2391 2405 | ACC: 360 6452 15312 | GYRO: 690 -272 86 | GDP=746.646
FLEX: 2496 2345 2445 2394 2423 | ACC: 184 6360 15328 | GYRO: 582 -11 30 | GDP=582.876
FLEX: 2485 2336 2428 2406 2411 | ACC: 304 6584 15280 | GYRO: 619 -328 207 | GDP=730.475
FLEX: 2499 2325 2458 2377 2427 | ACC: 428 6512 15136 | GYRO: 586 3 -43 | GDP=587.583
FLEX: 2479 2342 2461 2394 2428 | ACC: 428 6284 15300 | GYRO: 684 264 -149 | GDP=748.166
FLEX: 2491 2341 2443 2391 2417 | ACC: -12 6480 15392 | GYRO: 672 536 -268 | GDP=900.391
FLEX: 2471 2338 2436 2367 2423 | ACC: 152 6568 15328 | GYRO: 640 -218 37 | GDP=677.121
FLEX: 2502 2340 2447 2410 2410 | ACC: 380 6464 15192 | GYRO: 665 -300 81 | GDP=734.020
FLEX: 2492 2340 2438 2402 2412 | ACC: 88 6432 15420 | GYRO: 579 -83 24 | GDP=585.411
FLEX: 2487 2342 2441 2404 2433 | ACC: 484 6468 15156 | GYRO: 609 -408 168 | GDP=752.043
FLEX: 2485 2340 2421 2387 2397 | ACC: 440 6388 15320 | GYRO: 663 26 -13 | GDP=663.637
FLEX: 2485 2339 2445 2417 2400 | ACC: 396 6296 15204 | GYRO: 700 398 -230 | GDP=837.439
FLEX: 2507 2342 2432 2411 2413 | ACC: -52 6672 15372 | GYRO: 682 336 -177 | GDP=780.608
FLEX: 2464 2337 2451 2416 2414 | ACC: 144 6520 15292 | GYRO: 593 -212 40 | GDP=631.025
FLEX: 2502 2321 2442 2396 2411 | ACC: 408 6436 15296 | GYRO: 632 -212 37 | GDP=667.635
FLEX: 2491 2323 2387 2358 2418 | ACC: 88 6508 15440 | GYRO: 609 -139 4 | GDP=624.674
FLEX: 2512 2368 2449 2390 2384 | ACC: 456 6496 15064 | GYRO: 609 -261 128 | GDP=674.823
FLEX: 2505 2337 2428 2358 2384 | ACC: 484 6460 15284 | GYRO: 679 53 -17 | GDP=681.277
FLEX: 2503 2325 2421 2416 2384 | ACC: 388 6212 15308 | GYRO: 733 344 -207 | GDP=835.748
FLEX: 2490 2351 2432 2411 2422 | ACC: 64 6616 15436 | GYRO: 678 456 -218 | GDP=845.662
FLEX: 2491 2362 2424 2421 2454 | ACC: 104 6536 15268 | GYRO: 589 32 -29 | GDP=590.581
FLEX: 2476 2341 2452 2365 2390 | ACC: 248 6404 15468 | GYRO: 668 -241 109 | GDP=718.461
FLEX: 2490 2325 2442 2386 2415 | ACC: 200 6452 15296 | GYRO: 636 -214 86 | GDP=676.526
FLEX: 2486 2338 2442 2410 2402 | ACC: 344 6580 15128 | GYRO: 624 -112 94 | GDP=640.902
FLEX: 2491 2369 2446 2414 2406 | ACC: 436 6388 15412 | GYRO: 623 -42 1 | GDP=624.415
FLEX: 2476 2337 2420 2384 2389 | ACC: 292 6364 15212 | GYRO: 676 245 -139 | GDP=732.340
FLEX: 2510 2336 2445 2417 2405 | ACC: 28 6604 15480 | GYRO: 744 37 -66 | GDP=747.838
FLEX: 2490 2323 2431 2394 2434 | ACC: 176 6532 15192 | GYRO: 588 -188 95 | GDP=624.590
FLEX: 2497 2342 2407 2399 2410 | ACC: 400 6420 15304 | GYRO: 642 -233 104 | GDP=690.847
FLEX: 2468 2352 2428 2385 2414 | ACC: 140 6576 15368 | GYRO: 645 -293 111 | GDP=717.074
FLEX: 2476 2342 2449 2391 2417 | ACC: 388 6524 15248 | GYRO: 624 -123 57 | GDP=638.556
FLEX: 2470 2334 2419 2379 2389 | ACC: 536 6336 15100 | GYRO: 617 -45 5 | GDP=618.659
FLEX: 2515 2340 2465 2391 2367 | ACC: 436 6436 15132 | GYRO: 698 404 -165 | GDP=823.192
FLEX: 2476 2327 2401 2401 2400 | ACC: -88 6608 15552 | GYRO: 696 36 -90 | GDP=702.718
FLEX: 2483 2325 2465 2399 2421 | ACC: 208 6468 15264 | GYRO: 664 -222 97 | GDP=706.816
FLEX: 2490 2325 2435 2373 2405 | ACC: 336 6312 15188 | GYRO: 624 -99 5 | GDP=631.824
FLEX: 2484 2352 2448 2399 2402 | ACC: 380 6560 15364 | GYRO: 658 -322 150 | GDP=747.762
FLEX: 2471 2322 2448 2384 2431 | ACC: 380 6532 15320 | GYRO: 593 -86 -2 | GDP=599.207
FLEX: 2479 2336 2423 2389 2409 | ACC: 512 6372 15164 | GYRO: 672 103 -58 | GDP=682.317
FLEX: 2480 2334 2430 2379 2422 | ACC: 276 6372 15224 | GYRO: 632 429 -155 | GDP=779.416
FLEX: 2477 2334 2445 2390 2416 | ACC: -24 6504 15668 | GYRO: 727 -111 5 | GDP=735.442
FLEX: 2475 2325 2428 2373 2439 | ACC: 360 6592 15260 | GYRO: 652 -119 -46 | GDP=664.365
FLEX: 2479 2320 2449 2397 2416 | ACC: 200 6420 15164 | GYRO: 574 12 59 | GDP=577.149
FLEX: 2486 2326 2429 2409 2415 | ACC: 308 6572 15376 | GYRO: 612 -386 120 | GDP=733.444
FLEX: 2485 2330 2437 2397 2415 | ACC: 348 6516 15180 | GYRO: 644 -55 -31 | GDP=647.087
FLEX: 2480 2346 2448 2390 2425 | ACC: 416 6280 15256 | GYRO: 658 194 -107 | GDP=694.297
FLEX: 2486 2300 2447 2389 2405 | ACC: 152 6476 15260 | GYRO: 704 369 -172 | GDP=813.241
FLEX: 2480 2353 2413 2384 2419 | ACC: 84 6488 15284 | GYRO: 607 -76 -30 | GDP=612.474
FLEX: 2482 2332 2444 2398 2420 | ACC: 316 6532 15424 | GYRO: 657 -250 54 | GDP=705.028
FLEX: 2490 2335 2438 2384 2410 | ACC: 188 6420 15392 | GYRO: 632 -94 47 | GDP=640.679
FLEX: 2504 2319 2459 2383 2416 | ACC: 432 6568 15160 | GYRO: 570 -192 86 | GDP=607.585
FLEX: 2515 2349 2416 2382 2416 | ACC: 396 6464 15304 | GYRO: 632 -61 11 | GDP=635.032
FLEX: 2490 2317 2426 2421 2403 | ACC: 484 6284 15200 | GYRO: 678 170 -117 | GDP=708.712
FLEX: 2519 2320 2448 2382 2458 | ACC: -8 6484 15412 | GYRO: 674 440 -186 | GDP=826.119
FLEX: 2525 2300 2457 2394 2382 | ACC: 240 6600 15280 | GYRO: 625 -194 78 | GDP=659.049
FLEX: 2497 2352 2426 2388 2453 | ACC: 328 6396 15488 | GYRO: 662 -196 33 | GDP=691.194
FLEX: 2479 2288 2434 2397 2419 | ACC: 56 6464 15492 | GYRO: 623 -117 30 | GDP=634.601
FLEX: 2494 2339 2447 2395 2430 | ACC: 600 6580 15080 | GYRO: 603 -234 133 | GDP=660.344
FLEX: 2494 2323 2449 2378 2425 | ACC: 424 6488 15312 | GYRO: 619 -80 29 | GDP=624.822
FLEX: 2487 2320 2444 2375 2410 | ACC: 448 6388 15332 | GYRO: 719 119 -74 | GDP=732.529
FLEX: 2480 2339 2432 2386 2403 | ACC: 176 6528 15264 | GYRO: 682 362 -227 | GDP=804.796
FLEX: 2481 2338 2431 2444 2448 | ACC: 160 6540 15252 | GYRO: 594 68 -20 | GDP=598.214
FLEX: 2487 2335 2447 2393 2407 | ACC: 424 6424 15388 | GYRO: 627 -418 59 | GDP=755.866
FLEX: 2502 2353 2448 2399 2409 | ACC: 168 6484 15444 | GYRO: 610 -224 78 | GDP=654.492
FLEX: 2480 2335 2425 2355 2421 | ACC: 436 6456 15160 | GYRO: 638 -140 126 | GDP=665.222
FLEX: 2492 2352 2443 2399 2410 | ACC: 596 6344 15268 | GYRO: 632 73 -46 | GDP=637.863
FLEX: 2480 2335 2447 2383 2416 | ACC: 248 6320 15276 | GYRO: 702 388 -184 | GDP=822.924
FLEX: 2493 2352 2455 2387 2480 | ACC: -16 6556 15460 | GYRO: 695 118 -85 | GDP=710.052
FLEX: 2478 2334 2441 2389 2402 | ACC: 308 6468 15148 | GYRO: 621 3 -29 | GDP=621.684
FLEX: 2480 2340 2416 2406 2413 | ACC: 276 6448 15284 | GYRO: 590 117 -47 | GDP=603.322
FLEX: 2501 2336 2418 2402 2423 | ACC: 28 6504 15404 | GYRO: 535 63 -63 | GDP=542.368
FLEX: 2496 2337 2446 2419 2438 | ACC: 232 6560 15224 | GYRO: 629 -82 29 | GDP=634.985
FLEX: 2490 2342 2427 2379 2411 | ACC: 492 6316 15232 | GYRO: 677 128 -67 | GDP=692.244
FLEX: 2491 2323 2448 2384 2401 | ACC: 132 6348 15172 | GYRO: 634 500 -236 | GDP=841.221
