# sentence_label=What's up!
# timestamp=1763199993.4041255
# duration_sec=4.0
# sample_rate_hz=20
# total_samples=80
# format: FLEX: f1 f2 f3 f4 f5 | ACC: ax ay az | GYRO: gx gy gz | GDP=val
#
FLEX: 2518 2149 2300 2307 2465 | ACC: -10468 7560 -4880 | GYRO: -12481 -331 4161 | GDP=13160.503
FLEX: 2496 2117 2296 2291 2384 | ACC: -9668 8748 -4376 | GYRO: -10261 -156 3398 | GDP=10810.128
FLEX: 2507 2152 2260 2256 2480 3676 | GYRO: 645 1013 31 | GDP=1201.314
FLEX: 2486 2411 2364 2333 2444 | ACC: -6748 14096 3660 | GYRO: -5176 443 -139 | GDP=5196.782
FLEX: 2489 2416 2295 2341 2507 | ACC: -6140 13892 5488 | GYRO: -4329 770 562 | GDP=4432.717
FLEX: 2503 2423 2355 2352 2482 | ACC: -6464 13628 6120 | GYRO: -5874 1270 676 | GDP=6047.624
FLEX: 2480 2437 2302 2287 2509 | ACC: -5848 13416 6920 | GYRO: -3163 1768 625 | GDP=3677.094
FLEX: 2482 2448 2262 2357 2493 | ACC: -6808 13068 7184 | GYRO: -4115 2697 511 | GDP=4946.530
FLEX: 2511 2459 2294 2330 2461 | ACC: -6492 12548 7828 | GYRO: -2435 1133 -198 | GDP=2692.976
FLEX: 2519 2497 2281 2288 2461 | ACC: -6736 12976 6592 | GYRO: -3149 1137 -417 | GDP=3373.849
FLEX: 2511 2473 2384 2292 2484 | ACC: -6664 12740 8216 | GYRO: -2515 1048 -64 | GDP=2725.367
FLEX: 2517 2415 2277 2275 2458 | ACC: -6764 12948 8188 | GYRO: -2332 806 480 | GDP=2513.615
FLEX: 2611 2439 2353 2330 2480 | ACC: -6972 13164 9528 | GYRO: -1420 687 1230 | GDP=2000.317
FLEX: 2448 2333 2351 2320 2448 | ACC: -7616 13284 12472 | GYRO: 1499 1149 2329 | GDP=2998.573
FLEX: 2480 2259 2369 2275 2430 | ACC: -6764 14652 11444 | GYRO: 3941 1307 6656 | GDP=7844.875
FLEX: 2507 2187 2261 2303 2299 | ACC: -4480 12468 14952 | GYRO: 10053 4239 7373 | GDP=13167.880
FLEX: 2474 2202 2363 2223 2273 | ACC: -2084 11644 10168 | GYRO: 24701 1658 6821 | GDP=25679.064
FLEX: 2478 2112 2363 2341 2222 | ACC: -1660 12736 4724 | GYRO: 27858 8884 4898 | GDP=29647.664
FLEX: 2473 2173 2304 2241 2169 | ACC: -4800 10828 6636 | GYRO: 32767 -637 -830 | GDP=32783.699
FLEX: 2457 2128 2306 2303 2160 | ACC: -1296 8892 -3424 | GYRO: 32767 2337 -3153 | GDP=33001.203
FLEX: 2514 2123 2288 2191 2147 | ACC: -9512 3872 3508 | GYRO: 32767 -20670 -8626 | GDP=39690.465
FLEX: 2523 2171 2299 2186 2146 | ACC: -9952 -3368 -14612 | GYRO: 32767 4577 -12565 | GDP=35390.738
FLEX: 2543 2135 2311 2144 2160 | ACC: -7860 296 -32768 | GYRO: 27151 10762 -16218 | GDP=33406.898
FLEX: 2549 2139 2306 2182 2155 | ACC: -15956 -1336 -17336 | GYRO: 9084 -9804 106 | GDP=13365.953
FLEX: 2557 2139 2301 2164 2142 | ACC: -8180 -540 -19128 | GYRO: 2578 -4852 3908 | GDP=6742.437
FLEX: 2546 2140 2287 2163 2156 | ACC: -9236 1244 -14260 | GYRO: 3421 -2272 993 | GDP=4225.077
FLEX: 2554 2128 2306 2175 2160 | ACC: -9132 2596 -15260 | GYRO: 540 -1116 824 | GDP=1488.634
FLEX: 2544 2131 2289 2179 2165 | ACC: -9300 3064 -15224 | GYRO: 832 -1272 338 | GDP=1557.065
FLEX: 2551 2157 2288 2178 2153 | ACC: -9932 2352 -13804 | GYRO: -1694 -1104 991 | GDP=2251.784
FLEX: 2544 2141 2277 2179 2166 | ACC: -9656 2116 -13804 | GYRO: -1028 -1833 1267 | GDP=2453.969
FLEX: 2539 2147 2288 2181 2163 | ACC: -8468 2796 -15964 | GYRO: -5725 2016 286 | GDP=6076.321
FLEX: 2544 2163 2298 2185 2191 | ACC: -11200 2360 -13992 | GYRO: -9581 -94 -908 | GDP=9624.389
FLEX: 2514 2173 2303 2210 2231 | ACC: -12008 4184 -15520 | GYRO: -19482 -7174 2192 | GDP=20876.289
FLEX: 2512 2203 2291 2215 2307 | ACC: -12524 2812 -12892 | GYRO: -28363 -9089 6218 | GDP=30425.865
FLEX: 2513 2218 2308 2224 2314 | ACC: -11300 6636 -12368 | GYRO: -29465 -18975 7231 | GDP=35784.414
FLEX: 2512 2256 2307 2235 2319 | ACC: -8992 5812 -9188 | GYRO: -31341 -13410 6980 | GDP=34796.648
FLEX: 2518 2255 2321 2262 2337 | ACC: -8428 10412 -3572 | GYRO: -29515 -11930 2377 | GDP=31923.506
FLEX: 2517 2256 2306 2251 2345 | ACC: -9348 11364 692 | GYRO: -32768 -8529 2385 | GDP=33943.688
FLEX: 2510 2220 2326 2257 2337 | ACC: -7404 10276 5508 | GYRO: -32768 -1938 5083 | GDP=33216.480
FLEX: 2495 2241 2333 2288 2342 | ACC: -7520 6332 13896 | GYRO: -32768 1014 3271 | GDP=32946.465
FLEX: 2506 2256 2320 2254 2355 | ACC: -7628 3900 20660 | GYRO: -20967 -3656 -752 | GDP=21296.643
FLEX: 2483 2234 2341 2271 2343 | ACC: -9192 4324 19384 | GYRO: -1067 -3766 -175 | GDP=3918.146
FLEX: 2492 2205 2304 2253 2337 | ACC: -9088 5064 16636 | GYRO: 5303 -3685 3885 | GDP=7536.196
FLEX: 2506 2224 2321 2243 2326 | ACC: -7944 5952 15380 | GYRO: 17924 -4575 8452 | GDP=20338.061
FLEX: 2480 2224 2331 2258 2322 | ACC: -7192 7288 12172 | GYRO: 26791 -1434 10434 | GDP=28786.844
FLEX: 2485 2213 2326 2259 2334 | ACC: -7004 10576 7988 | GYRO: 31622 361 11418 | GDP=33622.195
FLEX: 2479 2208 2324 2251 2329 | ACC: -5828 10780 5996 | GYRO: 32767 4505 13027 | GDP=35548.195
FLEX: 2494 2195 2321 2253 2346 | ACC: -5656 10156 5320 | GYRO: 32767 4347 14015 | GDP=35902.547
FLEX: 2485 2189 2328 2218 2323 | ACC: -1596 10176 -4640 | GYRO: 32767 4531 14402 | GDP=36078.023
FLEX: 2515 2196 2320 2244 2322 | ACC: -36 9000 -7328 | GYRO: 32767 647 9824 | GDP=34214.117
FLEX: 2531 2191 2305 2247 2315 | ACC: 5488 6304 -20560 | GYRO: 28989 717 6669 | GDP=29754.861
FLEX: 2545 2202 2320 2256 2322 | ACC: 2156 7064 -19844 | GYRO: 11942 -4527 1557 | GDP=12865.820
FLEX: 2540 2193 2320 2257 2313 | ACC: 676 8416 -18420 | GYRO: 655 -3782 -643 | GDP=3891.786
FLEX: 2534 2207 2354 2257 2320 | ACC: -1836 8984 -14692 | GYRO: -2034 -2849 -1401 | GDP=3770.512
FLEX: 2522 2191 2334 2261 2335 | ACC: -1948 10652 -13876 | GYRO: -740 -762 204 | GDP=1081.601
FLEX: 2531 2220 2343 2273 2317 | ACC: -1964 9504 -12352 | GYRO: -1185 -2054 806 | GDP=2504.551
FLEX: 2547 2193 2303 2242 2320 | ACC: -364 9728 -13576 | GYRO: -771 125 159 | GDP=797.087
FLEX: 2537 2202 2320 2252 2308 | ACC: -1704 9752 -12040 | GYRO: -82 -1086 -593 | GDP=1240.068
FLEX: 2534 2195 2325 2242 2325 | ACC: -1228 9860 -13000 | GYRO: 239 -407 -349 | GDP=587.002
FLEX: 2546 2193 2322 2253 2292 | ACC: -2128 9764 -12252 | GYRO: 777 -572 -599 | GDP=1135.656
FLEX: 2522 2201 2322 2245 2310 | ACC: -1500 9820 -13364 | GYRO: 526 -909 -292 | GDP=1090.056
FLEX: 2534 2193 2313 2284 2310 | ACC: -1512 9716 -13272 | GYRO: 73 -957 -508 | GDP=1085.929
FLEX: 2537 2207 2330 2253 2297 | ACC: -1664 10464 -13432 | GYRO: -1239 -1543 -1001 | GDP=2217.650
FLEX: 2533 2224 2333 2247 2322 | ACC: -1712 10432 -13540 | GYRO: -2725 -204 -1192 | GDP=2981.292
FLEX: 2520 2191 2334 2256 2329 | ACC: -1608 11352 -14788 | GYRO: -7582 790 -1646 | GDP=7798.727
FLEX: 2530 2207 2321 2283 2329 | ACC: -1652 10820 -14232 | GYRO: -14508 98 -2321 | GDP=14692.812
FLEX: 2518 2209 2320 2245 2334 | ACC: -1892 11076 -12308 | GYRO: -18156 872 -3598 | GDP=18529.605
FLEX: 2523 2204 2320 2283 2352 | ACC: -2632 12128 -8976 | GYRO: -14731 -478 -4485 | GDP=15406.040
FLEX: 2507 2231 2323 2259 2351 | ACC: -3280 13172 -7428 | GYRO: -12324 555 -4070 | GDP=12990.531
FLEX: 2515 2257 2325 2287 2363 | ACC: -4220 14428 -5604 | GYRO: -12978 1184 -4132 | GDP=13671.275
FLEX: 2507 2267 2308 2281 2365 | ACC: -4428 14608 -4316 | GYRO: -12780 1714 -3347 | GDP=13321.734
FLEX: 2514 2254 2352 2279 2365 | ACC: -3740 14508 -2780 | GYRO: -11875 270 -2465 | GDP=12131.148
FLEX: 2506 2282 2336 2270 2371 | ACC: -4932 15636 -960 | GYRO: -12465 1717 -2792 | GDP=12888.738
FLEX: 2514 2282 2331 2291 2359 | ACC: -4680 15512 -648 | GYRO: -12423 2315 -1287 | GDP=12702.226
FLEX: 2483 2269 2322 2262 2373 | ACC: -5472 15088 2096 | GYRO: -14137 2538 -1513 | GDP=14442.485
FLEX: 2494 2276 2383 2281 2343 | ACC: -5332 15600 2676 | GYRO: -13077 1207 -215 | GDP=13134.345
FLEX: 2518 2265 2305 2256 2325 | ACC: -5416 14788 4764 | GYRO: -13780 2604 -369 | GDP=14028.734
FLEX: 2496 2273 2312 2272 2355 | ACC: -5152 14412 6476 | GYRO: -9981 596 475 | GDP=10010.055
FLEX: 2486 2273 2337 2277 2320 | ACC: -4612 13780 6348 | GYRO: -7038 2300 493 | GDP=7420.680
FLEX: 2503 2297 2327 2271 2357 | ACC: -5328 14040 7344 | GYRO: -3974 624 433 | GDP=4045.929
