# sentence_label=How are you?
# timestamp=1763200446.8188174
# duration_sec=4.0
# sample_rate_hz=20
# total_samples=79
# format: FLEX: f1 f2 f3 f4 f5 | ACC: ax ay az | GYRO: gx gy gz | GDP=val
#
FLEX: 2384 2582 2551 2532 2559 | ACC: 1668 12260 9004 | GYRO: -2341 -3299 8202 | GDP=9145.299
FLEX: 2384 2559 2538 2533 2597 | ACC: 2664 10908 8320 | GYRO: -183 -360 10216 | GDP=10223.979
FLEX: 2385 2585 2559 2531 2559 | AGYRO: 586 -3626 1931 | GDP=4149.703
FLEX: 2423 2538 2515 2511 2493 | ACC: -9528 12088 12648 | GYRO: 1832 -10652 13957 | GDP=17652.738
FLEX: 2416 2511 2538 2508 2512 | ACC: -7260 12076 10460 | GYRO: 1870 -17726 19301 | GDP=26272.354
FLEX: 2423 2535 2559 2490 2512 | ACC: -2984 10308 9724 | GYRO: 2435 -18045 22171 | GDP=28689.797
FLEX: 2403 2519 2497 2498 2529 | ACC: 3496 9216 6304 | GYRO: 1956 -10438 22154 | GDP=24567.814
FLEX: 2375 2507 2544 2496 2526 | ACC: 5724 8344 7388 | GYRO: 2748 -4537 18918 | GDP=19647.559
FLEX: 2416 2559 2526 2496 2498 | ACC: 7200 7968 8432 | GYRO: 603 -1372 18145 | GDP=18206.785
FLEX: 2455 2608 2558 2529 2537 | ACC: 10372 7196 7392 | GYRO: 2376 4853 13215 | GDP=14277.017
FLEX: 2479 2559 2495 2459 2507 | ACC: 24128 3868 4568 | GYRO: -1243 1619 6724 | GDP=7026.976
FLEX: 2427 2559 2589 2480 2533 | ACC: 10388 7720 12708 | GYRO: -4875 7284 -2954 | GDP=9249.238
FLEX: 2433 2559 2513 2520 2502 | ACC: 6356 9860 14736 | GYRO: -234 2407 -2628 | GDP=3571.385
FLEX: 2427 2534 2492 2551 2461 | ACC: 9316 9776 11708 | GYRO: 1095 -731 -473 | GDP=1398.969
FLEX: 2464 2515 2559 2555 2557 | ACC: 8776 9948 12924 | GYRO: 1662 -1534 -1611 | GDP=2776.819
FLEX: 2422 2559 2559 2503 2523 | ACC: 9288 10504 14036 | GYRO: 4866 -5670 -872 | GDP=7522.449
FLEX: 2391 2538 2531 2518 2405 | ACC: 12152 10408 11580 | GYRO: 7440 -8146 -582 | GDP=11047.607
FLEX: 2416 2528 2496 2512 2612 | ACC: 10832 10712 12220 | GYRO: 8763 -4342 -4373 | GDP=10712.901
FLEX: 2423 2559 2543 2527 2480 | ACC: 10020 10792 9584 | GYRO: 14072 -4973 -5150 | GDP=15788.426
FLEX: 2415 2523 2514 2583 2544 | ACC: 8476 11508 4544 | GYRO: 11450 -2105 -6313 | GDP=13243.395
FLEX: 2417 2549 2542 2492 2528 | ACC: 6732 12212 5584 | GYRO: 11453 -416 -6450 | GDP=13150.923
FLEX: 2382 2533 2547 2512 2522 | ACC: 6560 11992 2780 | GYRO: 9668 2890 -5073 | GDP=11294.143
FLEX: 2433 2542 2542 2506 2513 | ACC: 4900 13812 3872 | GYRO: 8921 1436 -4655 | GDP=10164.416
FLEX: 2412 2530 2541 2507 2502 | ACC: 6760 13200 1320 | GYRO: 7485 1836 -2947 | GDP=8251.117
FLEX: 2416 2558 2555 2504 2513 | ACC: 5696 14436 2012 | GYRO: 2273 1990 -4736 | GDP=5617.501
FLEX: 2403 2547 2546 2494 2527 | ACC: 7712 13132 952 | GYRO: 1028 -1866 -8350 | GDP=8617.496
FLEX: 2415 2542 2559 2476 2559 | ACC: 7296 12668 828 | GYRO: 1091 -1897 -10276 | GDP=10506.430
FLEX: 2411 2559 2583 2495 2559 | ACC: 5036 14540 464 | GYRO: -1890 5039 -20003 | GDP=20714.334
FLEX: 2422 2603 2590 2517 2549 | ACC: 5124 12768 -384 | GYRO: -9516 -449 -24713 | GDP=26485.623
FLEX: 2399 2609 2629 2541 2595 | ACC: 1252 8920 4100 | GYRO: -12424 8630 -29582 | GDP=33225.402
FLEX: 2393 2625 2668 2559 2640 | ACC: 2876 8552 -4232 | GYRO: -22302 756 -32768 | GDP=39644.578
FLEX: 2386 2621 2677 2609 2622 | ACC: -15648 8308 6588 | GYRO: -32768 4947 -32768 | GDP=46604.254
FLEX: 2394 2608 2665 2559 2630 | ACC: -32344 -5468 26936 | GYRO: -10469 23804 -20850 | GDP=33330.961
FLEX: 2388 2587 2640 2541 2617 | ACC: -22224 5068 7116 | GYRO: 7073 -10093 -981 | GDP=12363.590
FLEX: 2379 2604 2703 2559 2633 | ACC: -20056 5760 12532 | GYRO: 2265 3462 1801 | GDP=4512.125
FLEX: 2385 2605 2633 2556 2638 | ACC: -17204 7352 9548 | GYRO: 7547 -3232 9137 | GDP=12283.640
FLEX: 2448 2549 2637 2548 2597 | ACC: -13680 2632 12288 | GYRO: 6642 -1011 12627 | GDP=14303.126
FLEX: 2391 2559 2619 2551 2622 | ACC: -14068 8840 9592 | GYRO: 12683 1031 16483 | GDP=20823.322
FLEX: 2373 2596 2639 2559 2602 | ACC: -12604 10440 9856 | GYRO: 12613 4012 26097 | GDP=29261.533
FLEX: 2447 2599 2659 2543 2559 | ACC: -7696 13032 3236 | GYRO: 8333 -5228 23213 | GDP=25211.393
FLEX: 2493 2641 2667 2595 2559 | ACC: -2920 10836 6048 | GYRO: 2992 -163 22444 | GDP=22643.141
FLEX: 2487 2640 2640 2550 2590 | ACC: -2588 13376 5988 | GYRO: 5769 -3957 18456 | GDP=19737.354
FLEX: 2480 2635 2671 2557 2559 | ACC: 2376 12208 5004 | GYRO: 3341 -7827 10763 | GDP=13721.020
FLEX: 2512 2599 2677 2559 2554 | ACC: 3948 13668 2416 | GYRO: 8757 -1176 6995 | GDP=11269.341
FLEX: 2541 2494 2674 2592 2604 | ACC: 2484 14520 4532 | GYRO: 6658 -3213 2952 | GDP=7960.316
FLEX: 2544 2438 2646 2544 2606 | ACC: 5508 13784 176 | GYRO: 8392 -5170 -2520 | GDP=10173.738
FLEX: 2617 2333 2645 2556 2620 | ACC: 2932 16596 -744 | GYRO: -436 3242 -8367 | GDP=8983.728
FLEX: 2671 0 2612 2517 2559 | ACC: 1140 13776 2272 | GYRO: -1969 1562 -10309 | GDP=10610.951
FLEX: 2736 0 2633 2525 2598 | ACC: 964 15060 568 | GYRO: -4194 -2029 -17996 | GDP=18589.311
FLEX: 2787 0 2589 2451 2544 | ACC: 6376 9872 1216 | GYRO: -23786 -7697 -32768 | GDP=41216.008
FLEX: 2880 0 2602 2405 2531 | ACC: -10616 6920 -4864 | GYRO: -32768 30643 -32768 | GDP=55556.070
FLEX: 2883 0 2559 2423 2512 | ACC: -32768 -7728 31104 | GYRO: 6115 -12722 -9718 | GDP=17137.154
FLEX: 2923 0 2559 2407 2523 | ACC: -13124 5688 124 | GYRO: 114 2443 -2004 | GDP=3161.844
FLEX: 2896 0 2533 2346 2527 | ACC: -15344 6536 7140 | GYRO: 2766 -1166 936 | GDP=3144.266
FLEX: 2906 0 2542 2369 2528 | ACC: -11740 6252 4312 | GYRO: 626 337 442 | GDP=837.143
FLEX: 2865 0 2519 2352 2511 | ACC: -14408 5876 7960 | GYRO: 947 -554 397 | GDP=1166.762
FLEX: 2866 0 2519 2384 2542 | ACC: -12632 6840 5876 | GYRO: 565 19 658 | GDP=867.496
FLEX: 2864 0 2511 2382 2558 | ACC: -14064 6688 7488 | GYRO: 1486 -476 425 | GDP=1617.219
FLEX: 2878 0 2526 2370 2555 | ACC: -12564 6460 5704 | GYRO: 851 96 625 | GDP=1060.208
FLEX: 2892 0 2512 2319 2522 | ACC: -14036 6240 7584 | GYRO: 636 142 -219 | GDP=687.474
FLEX: 2862 0 2509 2357 2543 | ACC: -12864 6560 6432 | GYRO: 1094 -1205 582 | GDP=1728.463
FLEX: 2871 0 2491 2369 2529 | ACC: -13596 6116 7572 | GYRO: 287 961 -244 | GDP=1032.195
FLEX: 2863 0 2539 2359 2523 | ACC: -13188 6236 6476 | GYRO: 1546 -896 203 | GDP=1798.372
FLEX: 2851 0 2511 2345 2512 | ACC: -13712 6564 6744 | GYRO: 794 418 527 | GDP=1040.620
FLEX: 2851 0 2530 2374 2543 | ACC: -13148 6820 6488 | GYRO: 1381 -1122 814 | GDP=1956.691
FLEX: 2863 0 2498 2377 2514 | ACC: -13288 6852 6676 | GYRO: 714 62 147 | GDP=731.607
FLEX: 2864 0 2503 2363 2513 | ACC: -13404 6772 6928 | GYRO: 986 -287 393 | GDP=1099.552
FLEX: 2857 0 2524 2349 2513 | ACC: -13204 6828 6784 | GYRO: 716 -545 211 | GDP=924.230
FLEX: 2868 0 2514 2362 2515 | ACC: -13668 6324 7756 | GYRO: 1565 -1636 885 | GDP=2430.832
FLEX: 2850 0 2512 2374 2533 | ACC: -11588 7308 5448 | GYRO: 981 -1047 625 | GDP=1564.990
FLEX: 2853 0 2479 2365 2515 | ACC: -13576 6432 7712 | GYRO: 207 -38 26 | GDP=212.059
FLEX: 2834 0 2511 2353 2513 | ACC: -12752 7008 6728 | GYRO: 1140 -508 287 | GDP=1280.638
FLEX: 2843 0 2502 2379 2517 | ACC: -13072 7020 7328 | GYRO: 399 328 -21 | GDP=516.939
FLEX: 2838 0 2519 2366 2518 | ACC: -12880 6976 6884 | GYRO: 739 -610 260 | GDP=992.885
FLEX: 2863 0 2471 2363 2525 | ACC: -12736 6976 6972 | GYRO: 350 141 70 | GDP=383.772
FLEX: 2868 0 2513 2352 2514 | ACC: -12732 6876 7296 | GYRO: 961 -467 210 | GDP=1088.903
FLEX: 2828 0 2544 2315 2517 | ACC: -12512 7244 6676 | GYRO: 519 178 116 | GDP=560.804
FLEX: 2871 0 2523 2374 2515 | ACC: -13024 7132 7076 | GYRO: 480 -120 -48 | GDP=497.096
FLEX: 2825 0 2460 2391 2530 | ACC: -12816 7124 6824 | GYRO: 142 493 -85 | GDP=520.037
